196224.41 550412.68 28.29
196224.41 550322.68 26.43
196224.41 550232.68 29.44
196224.41 550142.68 24.22
196314.41 550682.68 36.22
196314.41 550592.68 34.96
196314.41 550502.68 43.47
196314.41 550412.68 39.61
196314.41 550322.68 30.60
196314.41 550232.68 29.90
196314.41 550142.68 25.43
196314.41 550052.68 21.89
196314.41 549962.68 22.65
196404.41 550952.68 46.48
196404.41 550862.68 40.24
196404.41 550772.68 40.49
196404.41 550682.68 42.22
196404.41 550592.68 42.40
196404.41 550502.68 45.56
196404.41 550412.68 40.05
196404.41 550322.68 40.02
196404.41 550232.68 35.62
196404.41 550142.68 34.02
196404.41 550052.68 29.11
196404.41 549962.68 32.08
196404.41 549872.68 36.00
196494.41 551222.68 76.69
196494.41 551132.68 68.42
196494.41 551042.68 58.18
196494.41 550952.68 46.29
196494.41 550862.68 47.78
196494.41 550772.68 58.51
196494.41 550682.68 57.81
196494.41 550592.68 59.94
196494.41 550502.68 52.58
196494.41 550412.68 48.75
196494.41 550322.68 53.49
196494.41 550232.68 40.65
196494.41 550142.68 36.20
196494.41 550052.68 40.22
196494.41 549962.68 44.15
196494.41 549872.68 47.62
196584.41 551492.68 49.87
196584.41 551402.68 48.63
196584.41 551312.68 51.39
196584.41 551222.68 47.28
196584.41 551132.68 45.69
196584.41 551042.68 52.76
196584.41 550952.68 60.32
196584.41 550862.68 62.30
196584.41 550772.68 65.73
196584.41 550682.68 76.67
196584.41 550592.68 85.77
196584.41 550502.68 91.66
196584.41 550412.68 87.60
196584.41 550322.68 76.24
196584.41 550232.68 58.95
196584.41 550142.68 56.14
196584.41 550052.68 66.23
196584.41 549962.68 71.94
196584.41 549872.68 69.57
196584.41 549782.68 60.57
196674.41 551852.68 52.10
196674.41 551762.68 53.99
196674.41 551672.68 51.10
196674.41 551582.68 46.54
196674.41 551492.68 44.61
196674.41 551402.68 40.49
196674.41 551312.68 39.05
196674.41 551222.68 40.39
196674.41 551132.68 46.96
196674.41 551042.68 51.65
196674.41 550952.68 68.12
196674.41 550862.68 80.86
196674.41 550772.68 84.15
196674.41 550682.68 68.86
196674.41 550592.68 71.05
196674.41 550502.68 77.63
196674.41 550412.68 65.45
196674.41 550322.68 56.31
196674.41 550232.68 56.66
196674.41 550142.68 66.79
196674.41 550052.68 67.41
196674.41 549962.68 74.15
196674.41 549872.68 71.13
196674.41 549782.68 63.50
196764.41 552122.68 38.86
196764.41 552032.68 39.52
196764.41 551942.68 40.45
196764.41 551852.68 44.66
196764.41 551762.68 51.34
196764.41 551672.68 46.25
196764.41 551582.68 42.70
196764.41 551492.68 41.17
196764.41 551402.68 40.10
196764.41 551312.68 41.00
196764.41 551222.68 42.09
196764.41 551132.68 45.29
196764.41 551042.68 49.56
196764.41 550952.68 58.16
196764.41 550862.68 71.69
196764.41 550772.68 81.80
196764.41 550682.68 60.58
196764.41 550592.68 61.65
196764.41 550502.68 63.21
196764.41 550412.68 52.22
196764.41 550322.68 44.93
196764.41 550232.68 50.32
196764.41 550142.68 57.85
196764.41 550052.68 65.23
196764.41 549962.68 79.74
196764.41 549872.68 71.07
196764.41 549782.68 65.21
196854.41 552302.68 54.18
196854.41 552212.68 47.87
196854.41 552122.68 39.92
196854.41 552032.68 37.31
196854.41 551942.68 37.21
196854.41 551852.68 39.04
196854.41 551762.68 40.96
196854.41 551672.68 41.68
196854.41 551582.68 38.77
196854.41 551492.68 38.64
196854.41 551402.68 49.61
196854.41 551312.68 45.78
196854.41 551222.68 43.72
196854.41 551132.68 48.05
196854.41 551042.68 47.28
196854.41 550952.68 50.77
196854.41 550862.68 62.44
196854.41 550772.68 79.10
196854.41 550682.68 57.28
196854.41 550592.68 47.85
196854.41 550502.68 46.51
196854.41 550412.68 40.23
196854.41 550322.68 36.47
196854.41 550232.68 49.64
196854.41 550142.68 60.56
196854.41 550052.68 66.54
196854.41 549962.68 66.71
196854.41 549872.68 67.68
196854.41 549782.68 62.31
196944.41 552392.68 78.84
196944.41 552302.68 66.80
196944.41 552212.68 55.74
196944.41 552122.68 42.23
196944.41 552032.68 37.09
196944.41 551942.68 36.06
196944.41 551852.68 35.86
196944.41 551762.68 36.37
196944.41 551672.68 36.51
196944.41 551582.68 36.96
196944.41 551492.68 34.97
196944.41 551402.68 37.27
196944.41 551312.68 37.92
196944.41 551222.68 41.49
196944.41 551132.68 46.75
196944.41 551042.68 42.05
196944.41 550952.68 45.91
196944.41 550862.68 53.19
196944.41 550772.68 59.33
196944.41 550682.68 47.68
196944.41 550592.68 41.15
196944.41 550502.68 36.74
196944.41 550412.68 31.67
196944.41 550322.68 39.80
196944.41 550232.68 55.91
196944.41 550142.68 68.44
196944.41 550052.68 65.58
196944.41 549962.68 60.32
196944.41 549872.68 67.04
197034.41 552482.68 70.27
197034.41 552392.68 74.85
197034.41 552302.68 63.24
197034.41 552212.68 56.83
197034.41 552122.68 43.83
197034.41 552032.68 37.84
197034.41 551942.68 36.21
197034.41 551852.68 35.23
197034.41 551762.68 34.59
197034.41 551672.68 34.52
197034.41 551582.68 34.72
197034.41 551492.68 33.45
197034.41 551402.68 36.02
197034.41 551312.68 34.26
197034.41 551222.68 38.30
197034.41 551132.68 45.32
197034.41 551042.68 43.53
197034.41 550952.68 37.74
197034.41 550862.68 41.09
197034.41 550772.68 48.32
197034.41 550682.68 42.48
197034.41 550592.68 37.01
197034.41 550502.68 32.19
197034.41 550412.68 28.44
197034.41 550322.68 31.73
197034.41 550232.68 54.28
197034.41 550142.68 57.21
197034.41 550052.68 52.11
197034.41 549962.68 51.59
197034.41 549872.68 56.74
197124.41 552482.68 59.71
197124.41 552392.68 57.63
197124.41 552302.68 49.82
197124.41 552212.68 49.21
197124.41 552122.68 48.06
197124.41 552032.68 41.04
197124.41 551942.68 37.01
197124.41 551852.68 35.21
197124.41 551762.68 33.79
197124.41 551672.68 33.03
197124.41 551582.68 33.14
197124.41 551492.68 33.60
197124.41 551402.68 32.34
197124.41 551312.68 31.29
197124.41 551222.68 31.38
197124.41 551132.68 39.77
197124.41 551042.68 42.41
197124.41 550952.68 36.27
197124.41 550862.68 34.65
197124.41 550772.68 35.09
197124.41 550682.68 33.28
197124.41 550592.68 32.37
197124.41 550502.68 28.63
197124.41 550412.68 25.40
197124.41 550322.68 28.05
197124.41 550232.68 45.73
197124.41 550142.68 49.05
197124.41 550052.68 42.38
197124.41 549962.68 42.57
197124.41 549872.68 45.13
197214.41 552572.68 55.27
197214.41 552482.68 57.41
197214.41 552392.68 50.50
197214.41 552302.68 47.41
197214.41 552212.68 47.81
197214.41 552122.68 43.59
197214.41 552032.68 40.18
197214.41 551942.68 39.82
197214.41 551852.68 36.45
197214.41 551762.68 34.05
197214.41 551672.68 32.83
197214.41 551582.68 32.18
197214.41 551492.68 31.47
197214.41 551402.68 30.69
197214.41 551312.68 31.21
197214.41 551222.68 30.97
197214.41 551132.68 30.81
197214.41 551042.68 31.40
197214.41 550952.68 34.18
197214.41 550862.68 30.01
197214.41 550772.68 28.12
197214.41 550682.68 27.08
197214.41 550592.68 26.14
197214.41 550502.68 25.48
197214.41 550412.68 24.27
197214.41 550322.68 25.22
197214.41 550232.68 32.97
197214.41 550142.68 38.25
197214.41 550052.68 32.28
197214.41 549962.68 33.51
197304.41 552572.68 46.84
197304.41 552482.68 43.89
197304.41 552392.68 41.72
197304.41 552302.68 37.48
197304.41 552212.68 38.73
197304.41 552122.68 42.37
197304.41 552032.68 41.89
197304.41 551942.68 40.23
197304.41 551852.68 43.36
197304.41 551762.68 43.90
197304.41 551672.68 38.41
197304.41 551582.68 34.30
197304.41 551492.68 33.28
197304.41 551402.68 32.25
197304.41 551312.68 30.27
197304.41 551222.68 29.76
197304.41 551132.68 32.03
197304.41 551042.68 28.85
197304.41 550952.68 27.51
197304.41 550862.68 26.67
197304.41 550772.68 26.14
197304.41 550682.68 27.34
197304.41 550592.68 26.96
197304.41 550502.68 26.70
197304.41 550412.68 26.21
197304.41 550322.68 25.97
197304.41 550232.68 26.05
197304.41 550142.68 26.03
197304.41 550052.68 25.89
197304.41 549962.68 21.50
197394.41 552572.68 44.04
197394.41 552482.68 41.68
197394.41 552392.68 38.79
197394.41 552302.68 36.94
197394.41 552212.68 36.46
197394.41 552122.68 49.41
197394.41 552032.68 46.63
197394.41 551942.68 40.28
197394.41 551852.68 39.02
197394.41 551762.68 44.34
197394.41 551672.68 40.15
197394.41 551582.68 37.34
197394.41 551492.68 40.56
197394.41 551402.68 40.09
197394.41 551312.68 32.65
197394.41 551222.68 32.87
197394.41 551132.68 33.51
197394.41 551042.68 29.25
197394.41 550952.68 27.07
197394.41 550862.68 26.40
197394.41 550772.68 26.14
197394.41 550682.68 28.71
197394.41 550592.68 28.12
197394.41 550502.68 26.41
197394.41 550412.68 25.80
197394.41 550322.68 25.92
197394.41 550232.68 25.90
197394.41 550142.68 25.94
197394.41 550052.68 25.99
197394.41 549962.68 25.45
197484.41 552572.68 38.99
197484.41 552482.68 39.64
197484.41 552392.68 37.41
197484.41 552302.68 35.05
197484.41 552212.68 35.38
197484.41 552122.68 42.63
197484.41 552032.68 43.59
197484.41 551942.68 38.74
197484.41 551852.68 35.74
197484.41 551762.68 38.04
197484.41 551672.68 38.27
197484.41 551582.68 42.37
197484.41 551492.68 39.64
197484.41 551402.68 39.69
197484.41 551312.68 37.18
197484.41 551222.68 35.47
197484.41 551132.68 33.43
197484.41 551042.68 30.92
197484.41 550952.68 29.65
197484.41 550862.68 29.00
197484.41 550772.68 28.95
197484.41 550682.68 29.23
197484.41 550592.68 28.84
197484.41 550502.68 28.21
197484.41 550412.68 27.70
197484.41 550322.68 26.91
197484.41 550232.68 25.74
197484.41 550142.68 24.54
197484.41 550052.68 23.48
197574.41 552572.68 35.67
197574.41 552482.68 36.42
197574.41 552392.68 38.44
197574.41 552302.68 34.80
197574.41 552212.68 33.68
197574.41 552122.68 38.72
197574.41 552032.68 42.41
197574.41 551942.68 39.23
197574.41 551852.68 35.54
197574.41 551762.68 34.10
197574.41 551672.68 37.80
197574.41 551582.68 40.22
197574.41 551492.68 36.78
197574.41 551402.68 39.70
197574.41 551312.68 40.61
197574.41 551222.68 37.15
197574.41 551132.68 35.15
197574.41 551042.68 32.03
197574.41 550952.68 30.11
197574.41 550862.68 29.70
197574.41 550772.68 29.63
197574.41 550682.68 28.96
197574.41 550592.68 28.57
197574.41 550502.68 28.29
197574.41 550412.68 32.22
197574.41 550322.68 37.15
197574.41 550232.68 31.39
197574.41 550142.68 28.48
197574.41 550052.68 26.62
197664.41 552572.68 32.17
197664.41 552482.68 33.62
197664.41 552392.68 36.66
197664.41 552302.68 34.13
197664.41 552212.68 32.86
197664.41 552122.68 36.36
197664.41 552032.68 42.52
197664.41 551942.68 38.50
197664.41 551852.68 34.13
197664.41 551762.68 32.99
197664.41 551672.68 37.63
197664.41 551582.68 37.28
197664.41 551492.68 34.07
197664.41 551402.68 39.71
197664.41 551312.68 39.69
197664.41 551222.68 38.11
197664.41 551132.68 34.80
197664.41 551042.68 32.40
197664.41 550952.68 33.05
197664.41 550862.68 35.25
197664.41 550772.68 33.82
197664.41 550682.68 33.48
197664.41 550592.68 35.10
197664.41 550502.68 31.82
197664.41 550412.68 34.54
197664.41 550322.68 37.64
197664.41 550232.68 35.74
197664.41 550142.68 33.80
197664.41 550052.68 32.27
197754.41 552572.68 31.89
197754.41 552482.68 31.80
197754.41 552392.68 33.02
197754.41 552302.68 32.43
197754.41 552212.68 31.80
197754.41 552122.68 38.97
197754.41 552032.68 42.11
197754.41 551942.68 39.27
197754.41 551852.68 34.50
197754.41 551762.68 32.55
197754.41 551672.68 34.45
197754.41 551582.68 33.17
197754.41 551492.68 32.66
197754.41 551402.68 36.89
197754.41 551312.68 38.05
197754.41 551222.68 36.92
197754.41 551132.68 35.72
197754.41 551042.68 37.14
197754.41 550952.68 36.10
197754.41 550862.68 35.38
197754.41 550772.68 36.59
197754.41 550682.68 55.15
197754.41 550592.68 50.78
197754.41 550502.68 37.55
197754.41 550412.68 39.58
197754.41 550322.68 52.25
197754.41 550232.68 50.94
197754.41 550142.68 47.16
197844.41 552572.68 31.80
197844.41 552482.68 31.43
197844.41 552392.68 30.64
197844.41 552302.68 30.91
197844.41 552212.68 30.92
197844.41 552122.68 36.46
197844.41 552032.68 36.94
197844.41 551942.68 35.34
197844.41 551852.68 32.33
197844.41 551762.68 31.12
197844.41 551672.68 33.19
197844.41 551582.68 31.58
197844.41 551492.68 32.46
197844.41 551402.68 33.83
197844.41 551312.68 35.14
197844.41 551222.68 36.36
197844.41 551132.68 37.83
197844.41 551042.68 42.27
197844.41 550952.68 45.20
197844.41 550862.68 42.22
197844.41 550772.68 41.95
197844.41 550682.68 61.22
197844.41 550592.68 60.14
197844.41 550502.68 48.77
197844.41 550412.68 47.18
197844.41 550322.68 57.97
197844.41 550232.68 52.98
197844.41 550142.68 44.87
197934.41 552572.68 31.32
197934.41 552482.68 30.98
197934.41 552392.68 30.62
197934.41 552302.68 30.46
197934.41 552212.68 30.24
197934.41 552122.68 31.14
197934.41 552032.68 31.97
197934.41 551942.68 31.80
197934.41 551852.68 32.05
197934.41 551762.68 30.66
197934.41 551672.68 30.20
197934.41 551582.68 30.50
197934.41 551492.68 31.21
197934.41 551402.68 32.94
197934.41 551312.68 34.93
197934.41 551222.68 36.22
197934.41 551132.68 37.60
197934.41 551042.68 41.17
197934.41 550952.68 44.64
197934.41 550862.68 45.05
197934.41 550772.68 54.24
197934.41 550682.68 65.98
197934.41 550592.68 63.21
197934.41 550502.68 53.78
197934.41 550412.68 51.95
197934.41 550322.68 50.84
197934.41 550232.68 45.35
197934.41 550142.68 40.71
198024.41 552572.68 31.25
198024.41 552482.68 30.71
198024.41 552392.68 30.04
198024.41 552302.68 29.49
198024.41 552212.68 28.96
198024.41 552122.68 29.36
198024.41 552032.68 29.46
198024.41 551942.68 29.27
198024.41 551852.68 28.96
198024.41 551762.68 29.32
198024.41 551672.68 29.92
198024.41 551582.68 30.82
198024.41 551492.68 33.68
198024.41 551402.68 35.58
198024.41 551312.68 35.46
198024.41 551222.68 38.80
198024.41 551132.68 41.91
198024.41 551042.68 42.44
198024.41 550952.68 44.52
198024.41 550862.68 47.34
198024.41 550772.68 57.18
198024.41 550682.68 92.45
198024.41 550592.68 95.38
198024.41 550502.68 84.07
198024.41 550412.68 79.52
198024.41 550322.68 69.64
198024.41 550232.68 59.19
198024.41 550142.68 53.03
198024.41 550052.68 48.56
198114.41 552572.68 31.59
198114.41 552482.68 31.63
198114.41 552392.68 30.74
198114.41 552302.68 29.91
198114.41 552212.68 29.25
198114.41 552122.68 28.71
198114.41 552032.68 28.25
198114.41 551942.68 28.52
198114.41 551852.68 28.46
198114.41 551762.68 29.49
198114.41 551672.68 32.69
198114.41 551582.68 33.39
198114.41 551492.68 38.39
198114.41 551402.68 36.82
198114.41 551312.68 36.68
198114.41 551222.68 38.41
198114.41 551132.68 39.86
198114.41 551042.68 43.34
198114.41 550952.68 47.06
198114.41 550862.68 53.16
198114.41 550772.68 62.24
198114.41 550682.68 97.48
198114.41 550592.68 107.49
198114.41 550502.68 104.13
198114.41 550412.68 99.78
198114.41 550322.68 85.24
198114.41 550232.68 74.90
198114.41 550142.68 61.92
198114.41 550052.68 55.71
198204.41 552572.68 31.12
198204.41 552482.68 30.66
198204.41 552392.68 30.40
198204.41 552302.68 29.91
198204.41 552212.68 29.41
198204.41 552122.68 28.87
198204.41 552032.68 28.26
198204.41 551942.68 27.80
198204.41 551852.68 28.30
198204.41 551762.68 28.72
198204.41 551672.68 30.15
198204.41 551582.68 31.85
198204.41 551492.68 33.56
198204.41 551402.68 33.30
198204.41 551312.68 34.27
198204.41 551222.68 35.70
198204.41 551132.68 37.83
198204.41 551042.68 39.13
198204.41 550952.68 45.14
198204.41 550862.68 58.66
198204.41 550772.68 69.66
198204.41 550682.68 97.33
198204.41 550592.68 106.43
198204.41 550502.68 117.07
198204.41 550412.68 115.46
198204.41 550322.68 102.02
198204.41 550232.68 84.52
198204.41 550142.68 70.49
198204.41 550052.68 59.67
198294.41 552572.68 30.85
198294.41 552482.68 30.37
198294.41 552392.68 29.42
198294.41 552302.68 29.38
198294.41 552212.68 28.36
198294.41 552122.68 27.93
198294.41 552032.68 28.14
198294.41 551942.68 27.66
198294.41 551852.68 27.91
198294.41 551762.68 29.14
198294.41 551672.68 29.16
198294.41 551582.68 30.23
198294.41 551492.68 31.56
198294.41 551402.68 32.85
198294.41 551312.68 34.16
198294.41 551222.68 37.15
198294.41 551132.68 40.10
198294.41 551042.68 41.51
198294.41 550952.68 42.98
198294.41 550862.68 48.44
198294.41 550772.68 55.01
198294.41 550682.68 87.97
198294.41 550592.68 113.36
198294.41 550502.68 120.26
198294.41 550412.68 111.74
198294.41 550322.68 102.87
198294.41 550232.68 84.46
198294.41 550142.68 73.70
198294.41 550052.68 73.63
198294.41 549962.68 55.18
198384.41 552662.68 34.02
198384.41 552572.68 31.54
198384.41 552482.68 29.74
198384.41 552392.68 29.94
198384.41 552302.68 29.18
198384.41 552212.68 28.85
198384.41 552122.68 27.88
198384.41 552032.68 27.34
198384.41 551942.68 26.70
198384.41 551852.68 27.28
198384.41 551762.68 28.44
198384.41 551672.68 28.48
198384.41 551582.68 29.01
198384.41 551492.68 29.92
198384.41 551402.68 33.85
198384.41 551312.68 35.05
198384.41 551222.68 36.40
198384.41 551132.68 38.69
198384.41 551042.68 42.98
198384.41 550952.68 44.49
198384.41 550862.68 50.46
198384.41 550772.68 56.63
198384.41 550682.68 84.03
198384.41 550592.68 107.14
198384.41 550502.68 121.96
198384.41 550412.68 110.93
198384.41 550322.68 105.03
198384.41 550232.68 95.44
198384.41 550142.68 90.73
198384.41 550052.68 79.28
198384.41 549962.68 61.45
198474.41 552662.68 31.08
198474.41 552572.68 29.97
198474.41 552482.68 29.09
198474.41 552392.68 28.78
198474.41 552302.68 28.67
198474.41 552212.68 28.05
198474.41 552122.68 27.40
198474.41 552032.68 26.84
198474.41 551942.68 26.93
198474.41 551852.68 27.24
198474.41 551762.68 27.92
198474.41 551672.68 28.83
198474.41 551582.68 30.17
198474.41 551492.68 30.54
198474.41 551402.68 33.54
198474.41 551312.68 36.72
198474.41 551222.68 37.70
198474.41 551132.68 40.64
198474.41 551042.68 43.55
198474.41 550952.68 47.53
198474.41 550862.68 52.34
198474.41 550772.68 56.34
198474.41 550682.68 77.60
198474.41 550592.68 98.82
198474.41 550502.68 122.33
198474.41 550412.68 128.50
198474.41 550322.68 119.05
198474.41 550232.68 110.51
198474.41 550142.68 100.97
198474.41 550052.68 89.51
198474.41 549962.68 75.42
198474.41 549872.68 65.15
198564.41 552662.68 31.11
198564.41 552572.68 30.45
198564.41 552482.68 30.09
198564.41 552392.68 28.48
198564.41 552302.68 27.77
198564.41 552212.68 27.83
198564.41 552122.68 27.14
198564.41 552032.68 26.23
198564.41 551942.68 26.46
198564.41 551852.68 27.11
198564.41 551762.68 28.36
198564.41 551672.68 29.16
198564.41 551582.68 30.54
198564.41 551492.68 32.66
198564.41 551402.68 35.84
198564.41 551312.68 38.66
198564.41 551222.68 42.49
198564.41 551132.68 47.06
198564.41 551042.68 52.23
198564.41 550952.68 61.34
198564.41 550862.68 68.46
198564.41 550772.68 80.65
198564.41 550682.68 94.63
198564.41 550592.68 111.36
198564.41 550502.68 127.19
198564.41 550412.68 137.72
198564.41 550322.68 140.94
198564.41 550232.68 130.11
198564.41 550142.68 120.54
198564.41 550052.68 112.57
198564.41 549962.68 94.51
198564.41 549872.68 79.54
198654.41 552662.68 29.53
198654.41 552572.68 30.17
198654.41 552482.68 29.31
198654.41 552392.68 28.29
198654.41 552302.68 27.00
198654.41 552212.68 27.06
198654.41 552122.68 26.14
198654.41 552032.68 25.23
198654.41 551942.68 26.19
198654.41 551852.68 27.28
198654.41 551762.68 28.47
198654.41 551672.68 29.33
198654.41 551582.68 30.55
198654.41 551492.68 32.01
198654.41 551402.68 35.86
198654.41 551312.68 38.85
198654.41 551222.68 40.86
198654.41 551132.68 44.12
198654.41 551042.68 49.45
198654.41 550952.68 58.60
198654.41 550862.68 67.88
198654.41 550772.68 80.07
198654.41 550682.68 104.86
198654.41 550592.68 143.45
198654.41 550502.68 177.26
198654.41 550412.68 162.50
198654.41 550322.68 160.62
198654.41 550232.68 152.68
198654.41 550142.68 142.94
198654.41 550052.68 140.73
198654.41 549962.68 115.79
198654.41 549872.68 107.67
198654.41 549782.68 108.37
198744.41 552662.68 28.14
198744.41 552572.68 27.19
198744.41 552482.68 27.12
198744.41 552392.68 27.44
198744.41 552302.68 26.52
198744.41 552212.68 26.22
198744.41 552122.68 22.97
198744.41 552032.68 25.45
198744.41 551942.68 26.95
198744.41 551852.68 27.69
198744.41 551762.68 29.78
198744.41 551672.68 33.37
198744.41 551582.68 40.97
198744.41 551492.68 44.63
198744.41 551402.68 39.08
198744.41 551312.68 38.58
198744.41 551222.68 44.30
198744.41 551132.68 54.20
198744.41 551042.68 54.45
198744.41 550952.68 55.64
198744.41 550862.68 67.31
198744.41 550772.68 85.04
198744.41 550682.68 112.90
198744.41 550592.68 136.81
198744.41 550502.68 181.20
198744.41 550412.68 217.49
198744.41 550322.68 222.88
198744.41 550232.68 226.99
198744.41 550142.68 214.39
198744.41 550052.68 204.88
198744.41 549962.68 176.74
198744.41 549872.68 164.13
198744.41 549782.68 142.48
198834.41 552662.68 28.88
198834.41 552572.68 28.34
198834.41 552482.68 27.76
198834.41 552392.68 27.13
198834.41 552302.68 26.52
198834.41 552212.68 25.88
198834.41 552122.68 21.92
198834.41 552032.68 24.32
198834.41 551942.68 26.39
198834.41 551852.68 28.01
198834.41 551762.68 29.62
198834.41 551672.68 33.50
198834.41 551582.68 38.94
198834.41 551492.68 44.83
198834.41 551402.68 41.20
198834.41 551312.68 41.23
198834.41 551222.68 45.00
198834.41 551132.68 55.00
198834.41 551042.68 63.28
198834.41 550952.68 69.20
198834.41 550862.68 82.67
198834.41 550772.68 93.48
198834.41 550682.68 131.06
198834.41 550592.68 142.06
198834.41 550502.68 158.62
198834.41 550412.68 196.98
198834.41 550322.68 240.35
198834.41 550232.68 262.52
198834.41 550142.68 248.77
198834.41 550052.68 219.88
198834.41 549962.68 190.09
198834.41 549872.68 170.51
198834.41 549782.68 148.74
198924.41 552662.68 28.40
198924.41 552572.68 27.72
198924.41 552482.68 26.97
198924.41 552392.68 26.01
198924.41 552302.68 25.55
198924.41 552212.68 25.18
198924.41 552122.68 21.22
198924.41 552032.68 23.77
198924.41 551942.68 25.95
198924.41 551852.68 27.73
198924.41 551762.68 29.71
198924.41 551672.68 33.59
198924.41 551582.68 37.85
198924.41 551492.68 42.34
198924.41 551402.68 40.68
198924.41 551312.68 42.04
198924.41 551222.68 50.98
198924.41 551132.68 56.16
198924.41 551042.68 59.75
198924.41 550952.68 66.50
198924.41 550862.68 80.30
198924.41 550772.68 93.57
198924.41 550682.68 128.15
198924.41 550592.68 159.37
198924.41 550502.68 175.86
198924.41 550412.68 201.21
198924.41 550322.68 234.77
198924.41 550232.68 257.21
198924.41 550142.68 241.21
198924.41 550052.68 211.88
198924.41 549962.68 173.69
198924.41 549872.68 153.93
198924.41 549782.68 133.12
198924.41 549692.68 111.90
199014.41 552662.68 27.96
199014.41 552572.68 27.12
199014.41 552482.68 26.30
199014.41 552392.68 25.58
199014.41 552302.68 25.17
199014.41 552212.68 25.02
199014.41 552122.68 21.13
199014.41 552032.68 23.17
199014.41 551942.68 25.39
199014.41 551852.68 27.24
199014.41 551762.68 29.12
199014.41 551672.68 31.57
199014.41 551582.68 36.21
199014.41 551492.68 36.83
199014.41 551402.68 39.32
199014.41 551312.68 42.95
199014.41 551222.68 48.38
199014.41 551132.68 51.14
199014.41 551042.68 56.14
199014.41 550952.68 63.98
199014.41 550862.68 79.05
199014.41 550772.68 100.65
199014.41 550682.68 137.97
199014.41 550592.68 164.26
199014.41 550502.68 169.27
199014.41 550412.68 183.71
199014.41 550322.68 218.49
199014.41 550232.68 246.26
199014.41 550142.68 228.53
199014.41 550052.68 201.09
199014.41 549962.68 172.30
199014.41 549872.68 149.75
199014.41 549782.68 126.18
199014.41 549692.68 104.05
199104.41 552662.68 27.69
199104.41 552572.68 26.62
199104.41 552482.68 25.76
199104.41 552392.68 25.16
199104.41 552302.68 24.96
199104.41 552212.68 24.60
199104.41 552122.68 21.00
199104.41 552032.68 22.33
199104.41 551942.68 24.61
199104.41 551852.68 26.17
199104.41 551762.68 27.90
199104.41 551672.68 29.52
199104.41 551582.68 30.49
199104.41 551492.68 32.88
199104.41 551402.68 37.68
199104.41 551312.68 40.88
199104.41 551222.68 43.98
199104.41 551132.68 52.48
199104.41 551042.68 65.36
199104.41 550952.68 83.94
199104.41 550862.68 96.59
199104.41 550772.68 103.01
199104.41 550682.68 132.97
199104.41 550592.68 136.56
199104.41 550502.68 137.44
199104.41 550412.68 160.47
199104.41 550322.68 192.42
199104.41 550232.68 228.65
199104.41 550142.68 224.71
199104.41 550052.68 207.43
199104.41 549962.68 181.70
199104.41 549872.68 156.87
199104.41 549782.68 139.60
199104.41 549692.68 123.90
199104.41 549602.68 106.50
199194.41 552662.68 27.68
199194.41 552572.68 26.08
199194.41 552482.68 25.16
199194.41 552392.68 24.77
199194.41 552302.68 24.11
199194.41 552212.68 23.25
199194.41 552122.68 20.77
199194.41 552032.68 22.05
199194.41 551942.68 24.18
199194.41 551852.68 24.99
199194.41 551762.68 27.26
199194.41 551672.68 29.49
199194.41 551582.68 30.00
199194.41 551492.68 31.26
199194.41 551402.68 35.33
199194.41 551312.68 38.61
199194.41 551222.68 41.48
199194.41 551132.68 54.87
199194.41 551042.68 64.66
199194.41 550952.68 79.09
199194.41 550862.68 86.56
199194.41 550772.68 103.49
199194.41 550682.68 112.73
199194.41 550592.68 114.70
199194.41 550502.68 137.82
199194.41 550412.68 146.79
199194.41 550322.68 167.07
199194.41 550232.68 201.92
199194.41 550142.68 229.50
199194.41 550052.68 220.05
199194.41 549962.68 192.70
199194.41 549872.68 172.31
199194.41 549782.68 156.52
199194.41 549692.68 141.46
199194.41 549602.68 123.69
199284.41 552662.68 28.13
199284.41 552572.68 26.19
199284.41 552482.68 25.10
199284.41 552392.68 24.30
199284.41 552302.68 23.40
199284.41 552212.68 22.41
199284.41 552122.68 20.68
199284.41 552032.68 21.83
199284.41 551942.68 23.65
199284.41 551852.68 25.23
199284.41 551762.68 28.50
199284.41 551672.68 29.84
199284.41 551582.68 30.00
199284.41 551492.68 30.38
199284.41 551402.68 34.09
199284.41 551312.68 36.59
199284.41 551222.68 39.29
199284.41 551132.68 48.85
199284.41 551042.68 59.70
199284.41 550952.68 66.39
199284.41 550862.68 73.58
199284.41 550772.68 92.62
199284.41 550682.68 98.66
199284.41 550592.68 107.90
199284.41 550502.68 122.10
199284.41 550412.68 142.88
199284.41 550322.68 161.49
199284.41 550232.68 179.82
199284.41 550142.68 204.18
199284.41 550052.68 221.16
199284.41 549962.68 206.12
199284.41 549872.68 190.87
199284.41 549782.68 178.22
199284.41 549692.68 162.08
199284.41 549602.68 145.63
199284.41 549512.68 123.41
199374.41 552662.68 30.54
199374.41 552572.68 27.36
199374.41 552482.68 25.05
199374.41 552392.68 23.81
199374.41 552302.68 22.85
199374.41 552212.68 21.86
199374.41 552122.68 20.68
199374.41 552032.68 21.82
199374.41 551942.68 23.56
199374.41 551852.68 25.37
199374.41 551762.68 27.16
199374.41 551672.68 28.26
199374.41 551582.68 29.13
199374.41 551492.68 29.85
199374.41 551402.68 32.58
199374.41 551312.68 34.64
199374.41 551222.68 35.44
199374.41 551132.68 39.47
199374.41 551042.68 44.92
199374.41 550952.68 49.79
199374.41 550862.68 56.15
199374.41 550772.68 69.14
199374.41 550682.68 79.96
199374.41 550592.68 93.75
199374.41 550502.68 107.54
199374.41 550412.68 129.93
199374.41 550322.68 134.63
199374.41 550232.68 155.69
199374.41 550142.68 181.98
199374.41 550052.68 209.54
199374.41 549962.68 216.60
199374.41 549872.68 203.11
199374.41 549782.68 194.45
199374.41 549692.68 193.79
199374.41 549602.68 171.84
199374.41 549512.68 146.65
199464.41 552752.68 27.37
199464.41 552662.68 25.40
199464.41 552572.68 24.56
199464.41 552482.68 23.89
199464.41 552392.68 22.86
199464.41 552302.68 22.02
199464.41 552212.68 21.22
199464.41 552122.68 20.80
199464.41 552032.68 22.08
199464.41 551942.68 23.73
199464.41 551852.68 24.82
199464.41 551762.68 25.05
199464.41 551672.68 25.89
199464.41 551582.68 27.59
199464.41 551492.68 29.21
199464.41 551402.68 32.20
199464.41 551312.68 36.10
199464.41 551222.68 40.46
199464.41 551132.68 44.18
199464.41 551042.68 49.27
199464.41 550952.68 54.53
199464.41 550862.68 57.19
199464.41 550772.68 55.00
199464.41 550682.68 63.52
199464.41 550592.68 79.39
199464.41 550502.68 82.69
199464.41 550412.68 93.85
199464.41 550322.68 107.46
199464.41 550232.68 127.54
199464.41 550142.68 142.25
199464.41 550052.68 158.23
199464.41 549962.68 218.21
199464.41 549872.68 253.37
199464.41 549782.68 254.67
199464.41 549692.68 235.15
199464.41 549602.68 203.27
199464.41 549512.68 171.09
199554.41 552752.68 33.96
199554.41 552662.68 32.21
199554.41 552572.68 29.98
199554.41 552482.68 25.28
199554.41 552392.68 23.13
199554.41 552302.68 22.10
199554.41 552212.68 21.18
199554.41 552122.68 20.92
199554.41 552032.68 22.22
199554.41 551942.68 23.90
199554.41 551852.68 24.84
199554.41 551762.68 25.51
199554.41 551672.68 26.70
199554.41 551582.68 28.26
199554.41 551492.68 29.65
199554.41 551402.68 31.80
199554.41 551312.68 35.16
199554.41 551222.68 37.37
199554.41 551132.68 36.90
199554.41 551042.68 40.95
199554.41 550952.68 42.66
199554.41 550862.68 44.81
199554.41 550772.68 48.51
199554.41 550682.68 55.56
199554.41 550592.68 69.36
199554.41 550502.68 87.16
199554.41 550412.68 106.57
199554.41 550322.68 117.40
199554.41 550232.68 118.84
199554.41 550142.68 139.95
199554.41 550052.68 162.20
199554.41 549962.68 217.28
199554.41 549872.68 242.22
199554.41 549782.68 248.80
199554.41 549692.68 238.66
199554.41 549602.68 207.48
199554.41 549512.68 176.13
199554.41 549422.68 157.05
199644.41 552752.68 27.82
199644.41 552662.68 30.56
199644.41 552572.68 28.91
199644.41 552482.68 25.28
199644.41 552392.68 23.46
199644.41 552302.68 22.30
199644.41 552212.68 21.26
199644.41 552122.68 21.06
199644.41 552032.68 22.36
199644.41 551942.68 24.01
199644.41 551852.68 25.06
199644.41 551762.68 26.74
199644.41 551672.68 28.13
199644.41 551582.68 29.33
199644.41 551492.68 29.91
199644.41 551402.68 31.50
199644.41 551312.68 34.16
199644.41 551222.68 35.00
199644.41 551132.68 36.99
199644.41 551042.68 40.09
199644.41 550952.68 44.17
199644.41 550862.68 50.53
199644.41 550772.68 54.83
199644.41 550682.68 71.17
199644.41 550592.68 67.95
199644.41 550502.68 76.85
199644.41 550412.68 87.52
199644.41 550322.68 94.20
199644.41 550232.68 119.66
199644.41 550142.68 141.14
199644.41 550052.68 151.51
199644.41 549962.68 197.22
199644.41 549872.68 220.57
199644.41 549782.68 225.74
199644.41 549692.68 220.49
199644.41 549602.68 205.86
199644.41 549512.68 193.48
199644.41 549422.68 174.90
199734.41 552752.68 25.07
199734.41 552662.68 25.14
199734.41 552572.68 24.90
199734.41 552482.68 24.22
199734.41 552392.68 23.28
199734.41 552302.68 22.25
199734.41 552212.68 21.21
199734.41 552122.68 21.20
199734.41 552032.68 22.50
199734.41 551942.68 24.10
199734.41 551852.68 25.47
199734.41 551762.68 27.23
199734.41 551672.68 28.88
199734.41 551582.68 29.83
199734.41 551492.68 30.00
199734.41 551402.68 32.28
199734.41 551312.68 34.42
199734.41 551222.68 36.95
199734.41 551132.68 41.02
199734.41 551042.68 44.40
199734.41 550952.68 58.56
199734.41 550862.68 73.85
199734.41 550772.68 79.45
199734.41 550682.68 89.29
199734.41 550592.68 93.87
199734.41 550502.68 92.51
199734.41 550412.68 94.46
199734.41 550322.68 110.80
199734.41 550232.68 118.59
199734.41 550142.68 121.46
199734.41 550052.68 140.59
199734.41 549962.68 175.56
199734.41 549872.68 187.78
199734.41 549782.68 191.37
199734.41 549692.68 189.88
199734.41 549602.68 183.44
199734.41 549512.68 169.80
199734.41 549422.68 154.31
199734.41 549332.68 152.40
199824.41 552752.68 25.00
199824.41 552662.68 24.95
199824.41 552572.68 24.51
199824.41 552482.68 23.79
199824.41 552392.68 22.93
199824.41 552302.68 21.99
199824.41 552212.68 20.99
199824.41 552122.68 21.35
199824.41 552032.68 22.67
199824.41 551942.68 24.16
199824.41 551852.68 25.02
199824.41 551762.68 25.98
199824.41 551672.68 27.73
199824.41 551582.68 29.50
199824.41 551492.68 29.97
199824.41 551402.68 33.68
199824.41 551312.68 38.42
199824.41 551222.68 50.63
199824.41 551132.68 58.11
199824.41 551042.68 59.69
199824.41 550952.68 52.73
199824.41 550862.68 64.82
199824.41 550772.68 77.13
199824.41 550682.68 107.91
199824.41 550592.68 117.54
199824.41 550502.68 118.24
199824.41 550412.68 117.03
199824.41 550322.68 110.45
199824.41 550232.68 107.30
199824.41 550142.68 112.36
199824.41 550052.68 124.19
199824.41 549962.68 148.03
199824.41 549872.68 159.78
199824.41 549782.68 163.43
199824.41 549692.68 161.29
199824.41 549602.68 155.18
199824.41 549512.68 142.66
199824.41 549422.68 130.38
199824.41 549332.68 128.68
199914.41 552752.68 25.29
199914.41 552662.68 24.86
199914.41 552572.68 24.25
199914.41 552482.68 23.42
199914.41 552392.68 22.55
199914.41 552302.68 21.65
199914.41 552212.68 20.69
199914.41 552122.68 21.43
199914.41 552032.68 22.68
199914.41 551942.68 23.92
199914.41 551852.68 24.82
199914.41 551762.68 25.22
199914.41 551672.68 27.27
199914.41 551582.68 29.33
199914.41 551492.68 29.94
199914.41 551402.68 38.90
199914.41 551312.68 42.37
199914.41 551222.68 57.99
199914.41 551132.68 69.99
199914.41 551042.68 72.85
199914.41 550952.68 77.65
199914.41 550862.68 82.31
199914.41 550772.68 95.10
199914.41 550682.68 116.00
199914.41 550592.68 111.28
199914.41 550502.68 102.08
199914.41 550412.68 96.57
199914.41 550322.68 95.34
199914.41 550232.68 100.11
199914.41 550142.68 108.21
199914.41 550052.68 112.03
199914.41 549962.68 122.24
199914.41 549872.68 133.67
199914.41 549782.68 139.93
199914.41 549692.68 135.28
199914.41 549602.68 129.59
199914.41 549512.68 119.27
199914.41 549422.68 104.87
199914.41 549332.68 106.56
199914.41 549242.68 103.29
200004.41 552752.68 29.85
200004.41 552662.68 25.75
200004.41 552572.68 23.94
200004.41 552482.68 23.03
200004.41 552392.68 22.15
200004.41 552302.68 21.29
200004.41 552212.68 20.41
200004.41 552122.68 21.38
200004.41 552032.68 22.55
200004.41 551942.68 23.59
200004.41 551852.68 24.50
200004.41 551762.68 25.32
200004.41 551672.68 27.37
200004.41 551582.68 29.55
200004.41 551492.68 30.00
200004.41 551402.68 35.45
200004.41 551312.68 39.58
200004.41 551222.68 55.38
200004.41 551132.68 62.08
200004.41 551042.68 76.21
200004.41 550952.68 82.06
200004.41 550862.68 83.81
200004.41 550772.68 76.70
200004.41 550682.68 101.21
200004.41 550592.68 102.74
200004.41 550502.68 95.30
200004.41 550412.68 93.72
200004.41 550322.68 94.25
200004.41 550232.68 94.59
200004.41 550142.68 95.35
200004.41 550052.68 103.76
200004.41 549962.68 100.41
200004.41 549872.68 105.52
200004.41 549782.68 111.27
200004.41 549692.68 110.08
200004.41 549602.68 101.47
200004.41 549512.68 88.48
200004.41 549422.68 84.65
200004.41 549332.68 89.22
200004.41 549242.68 81.91
200094.41 552752.68 28.68
200094.41 552662.68 25.38
200094.41 552572.68 23.48
200094.41 552482.68 22.54
200094.41 552392.68 21.71
200094.41 552302.68 20.92
200094.41 552212.68 20.19
200094.41 552122.68 21.32
200094.41 552032.68 22.44
200094.41 551942.68 23.38
200094.41 551852.68 24.26
200094.41 551762.68 24.91
200094.41 551672.68 26.75
200094.41 551582.68 29.02
200094.41 551492.68 29.89
200094.41 551402.68 33.52
200094.41 551312.68 37.97
200094.41 551222.68 43.13
200094.41 551132.68 55.53
200094.41 551042.68 65.92
200094.41 550952.68 77.66
200094.41 550862.68 75.42
200094.41 550772.68 71.99
200094.41 550682.68 88.14
200094.41 550592.68 83.83
200094.41 550502.68 86.50
200094.41 550412.68 87.58
200094.41 550322.68 90.93
200094.41 550232.68 87.71
200094.41 550142.68 98.05
200094.41 550052.68 107.99
200094.41 549962.68 87.07
200094.41 549872.68 83.53
200094.41 549782.68 89.75
200094.41 549692.68 88.78
200094.41 549602.68 83.81
200094.41 549512.68 83.12
200094.41 549422.68 74.74
200094.41 549332.68 77.00
200094.41 549242.68 67.20
200184.41 552752.68 24.29
200184.41 552662.68 23.31
200184.41 552572.68 22.00
200184.41 552482.68 21.26
200184.41 552392.68 20.80
200184.41 552302.68 20.38
200184.41 552212.68 18.33
200184.41 552122.68 20.75
200184.41 552032.68 22.22
200184.41 551942.68 23.03
200184.41 551852.68 23.78
200184.41 551762.68 24.43
200184.41 551672.68 24.95
200184.41 551582.68 26.87
200184.41 551492.68 29.27
200184.41 551402.68 37.10
200184.41 551312.68 43.43
200184.41 551222.68 48.07
200184.41 551132.68 46.46
200184.41 551042.68 48.07
200184.41 550952.68 54.66
200184.41 550862.68 55.20
200184.41 550772.68 48.62
200184.41 550682.68 55.97
200184.41 550592.68 60.29
200184.41 550502.68 69.53
200184.41 550412.68 75.89
200184.41 550322.68 78.94
200184.41 550232.68 84.88
200184.41 550142.68 95.35
200184.41 550052.68 107.35
200184.41 549962.68 86.69
200184.41 549872.68 69.23
200184.41 549782.68 65.31
200184.41 549692.68 63.07
200184.41 549602.68 61.39
200184.41 549512.68 59.63
200184.41 549422.68 56.08
200184.41 549332.68 51.68
200184.41 549242.68 48.32
200184.41 549152.68 46.49
200274.41 552752.68 24.13
200274.41 552662.68 23.26
200274.41 552572.68 22.26
200274.41 552482.68 21.52
200274.41 552392.68 20.94
200274.41 552302.68 20.41
200274.41 552212.68 17.36
200274.41 552122.68 20.48
200274.41 552032.68 22.15
200274.41 551942.68 22.90
200274.41 551852.68 23.59
200274.41 551762.68 24.25
200274.41 551672.68 24.87
200274.41 551582.68 26.54
200274.41 551492.68 28.71
200274.41 551402.68 33.80
200274.41 551312.68 34.61
200274.41 551222.68 44.23
200274.41 551132.68 45.75
200274.41 551042.68 44.68
200274.41 550952.68 42.89
200274.41 550862.68 39.64
200274.41 550772.68 39.81
200274.41 550682.68 50.33
200274.41 550592.68 67.20
200274.41 550502.68 77.80
200274.41 550412.68 82.72
200274.41 550322.68 86.48
200274.41 550232.68 92.49
200274.41 550142.68 100.78
200274.41 550052.68 107.09
200274.41 549962.68 92.64
200274.41 549872.68 80.92
200274.41 549782.68 68.27
200274.41 549692.68 71.05
200274.41 549602.68 71.70
200274.41 549512.68 74.81
200274.41 549422.68 61.51
200274.41 549332.68 53.18
200274.41 549242.68 50.15
200274.41 549152.68 46.14
200364.41 552752.68 24.36
200364.41 552662.68 23.68
200364.41 552572.68 22.92
200364.41 552482.68 22.15
200364.41 552392.68 21.40
200364.41 552302.68 20.65
200364.41 552212.68 18.20
200364.41 552122.68 20.55
200364.41 552032.68 21.99
200364.41 551942.68 22.74
200364.41 551852.68 23.44
200364.41 551762.68 24.12
200364.41 551672.68 24.73
200364.41 551582.68 25.32
200364.41 551492.68 26.26
200364.41 551402.68 28.91
200364.41 551312.68 29.99
200364.41 551222.68 32.57
200364.41 551132.68 33.99
200364.41 551042.68 34.80
200364.41 550952.68 34.36
200364.41 550862.68 35.13
200364.41 550772.68 40.32
200364.41 550682.68 67.76
200364.41 550592.68 81.97
200364.41 550502.68 77.74
200364.41 550412.68 76.30
200364.41 550322.68 69.87
200364.41 550232.68 83.21
200364.41 550142.68 95.39
200364.41 550052.68 108.28
200364.41 549962.68 99.03
200364.41 549872.68 82.67
200364.41 549782.68 87.63
200364.41 549692.68 81.80
200364.41 549602.68 94.43
200364.41 549512.68 100.22
200364.41 549422.68 88.28
200364.41 549332.68 85.56
200364.41 549242.68 71.75
200364.41 549152.68 61.27
200364.41 549062.68 53.91
200454.41 552752.68 25.28
200454.41 552662.68 24.43
200454.41 552572.68 23.68
200454.41 552482.68 22.84
200454.41 552392.68 21.94
200454.41 552302.68 21.00
200454.41 552212.68 17.42
200454.41 552122.68 20.20
200454.41 552032.68 22.11
200454.41 551942.68 22.92
200454.41 551852.68 23.58
200454.41 551762.68 24.22
200454.41 551672.68 24.74
200454.41 551582.68 24.97
200454.41 551492.68 25.04
200454.41 551402.68 28.14
200454.41 551312.68 29.77
200454.41 551222.68 29.99
200454.41 551132.68 31.59
200454.41 551042.68 32.14
200454.41 550952.68 35.34
200454.41 550862.68 41.50
200454.41 550772.68 55.52
200454.41 550682.68 76.02
200454.41 550592.68 80.47
200454.41 550502.68 71.86
200454.41 550412.68 59.48
200454.41 550322.68 58.20
200454.41 550232.68 70.83
200454.41 550142.68 79.23
200454.41 550052.68 89.05
200454.41 549962.68 89.21
200454.41 549872.68 87.24
200454.41 549782.68 93.65
200454.41 549692.68 97.40
200454.41 549602.68 101.38
200454.41 549512.68 114.73
200454.41 549422.68 119.20
200454.41 549332.68 117.74
200454.41 549242.68 90.26
200454.41 549152.68 70.64
200454.41 549062.68 54.70
200544.41 552842.68 33.98
200544.41 552752.68 29.15
200544.41 552662.68 25.75
200544.41 552572.68 24.46
200544.41 552482.68 23.54
200544.41 552392.68 22.50
200544.41 552302.68 21.34
200544.41 552212.68 17.66
200544.41 552122.68 20.25
200544.41 552032.68 22.21
200544.41 551942.68 22.85
200544.41 551852.68 23.45
200544.41 551762.68 24.18
200544.41 551672.68 24.77
200544.41 551582.68 24.98
200544.41 551492.68 25.89
200544.41 551402.68 28.87
200544.41 551312.68 32.33
200544.41 551222.68 41.68
200544.41 551132.68 39.47
200544.41 551042.68 38.53
200544.41 550952.68 41.90
200544.41 550862.68 49.20
200544.41 550772.68 60.86
200544.41 550682.68 62.67
200544.41 550592.68 69.45
200544.41 550502.68 63.25
200544.41 550412.68 50.95
200544.41 550322.68 50.07
200544.41 550232.68 51.71
200544.41 550142.68 62.28
200544.41 550052.68 65.78
200544.41 549962.68 81.05
200544.41 549872.68 77.90
200544.41 549782.68 84.87
200544.41 549692.68 95.74
200544.41 549602.68 109.33
200544.41 549512.68 114.65
200544.41 549422.68 143.01
200544.41 549332.68 129.67
200544.41 549242.68 85.34
200544.41 549152.68 67.73
200544.41 549062.68 53.33
200544.41 548972.68 50.32
200634.41 552842.68 48.89
200634.41 552752.68 37.75
200634.41 552662.68 30.77
200634.41 552572.68 26.08
200634.41 552482.68 24.35
200634.41 552392.68 22.82
200634.41 552302.68 20.80
200634.41 552212.68 17.89
200634.41 552122.68 20.35
200634.41 552032.68 21.64
200634.41 551942.68 22.11
200634.41 551852.68 22.86
200634.41 551762.68 24.00
200634.41 551672.68 24.84
200634.41 551582.68 25.01
200634.41 551492.68 30.53
200634.41 551402.68 33.71
200634.41 551312.68 34.13
200634.41 551222.68 41.94
200634.41 551132.68 47.98
200634.41 551042.68 45.23
200634.41 550952.68 45.98
200634.41 550862.68 57.59
200634.41 550772.68 67.55
200634.41 550682.68 52.14
200634.41 550592.68 52.95
200634.41 550502.68 52.88
200634.41 550412.68 45.92
200634.41 550322.68 41.90
200634.41 550232.68 43.01
200634.41 550142.68 48.52
200634.41 550052.68 53.55
200634.41 549962.68 61.56
200634.41 549872.68 74.48
200634.41 549782.68 76.29
200634.41 549692.68 91.64
200634.41 549602.68 105.82
200634.41 549512.68 133.93
200634.41 549422.68 145.73
200634.41 549332.68 133.11
200634.41 549242.68 87.16
200634.41 549152.68 69.63
200634.41 549062.68 64.68
200634.41 548972.68 75.40
200724.41 552842.68 61.34
200724.41 552752.68 50.63
200724.41 552662.68 42.17
200724.41 552572.68 34.24
200724.41 552482.68 26.69
200724.41 552392.68 22.66
200724.41 552302.68 19.16
200724.41 552212.68 18.98
200724.41 552122.68 20.31
200724.41 552032.68 20.80
200724.41 551942.68 20.66
200724.41 551852.68 21.00
200724.41 551762.68 23.61
200724.41 551672.68 25.06
200724.41 551582.68 27.97
200724.41 551492.68 36.76
200724.41 551402.68 42.84
200724.41 551312.68 39.50
200724.41 551222.68 42.77
200724.41 551132.68 50.29
200724.41 551042.68 51.05
200724.41 550952.68 48.42
200724.41 550862.68 54.47
200724.41 550772.68 54.90
200724.41 550682.68 42.45
200724.41 550592.68 40.82
200724.41 550502.68 44.28
200724.41 550412.68 41.10
200724.41 550322.68 42.20
200724.41 550232.68 50.03
200724.41 550142.68 66.30
200724.41 550052.68 75.41
200724.41 549962.68 85.34
200724.41 549872.68 83.56
200724.41 549782.68 86.19
200724.41 549692.68 106.79
200724.41 549602.68 125.32
200724.41 549512.68 155.13
200724.41 549422.68 161.40
200724.41 549332.68 140.47
200724.41 549242.68 99.24
200724.41 549152.68 90.34
200724.41 549062.68 80.25
200724.41 548972.68 90.87
200814.41 552842.68 50.79
200814.41 552752.68 45.16
200814.41 552662.68 36.44
200814.41 552572.68 36.12
200814.41 552482.68 28.07
200814.41 552392.68 22.54
200814.41 552302.68 19.88
200814.41 552212.68 19.38
200814.41 552122.68 19.97
200814.41 552032.68 19.36
200814.41 551942.68 15.57
200814.41 551852.68 15.11
200814.41 551762.68 22.87
200814.41 551672.68 27.49
200814.41 551582.68 29.58
200814.41 551492.68 38.92
200814.41 551402.68 44.14
200814.41 551312.68 46.41
200814.41 551222.68 49.22
200814.41 551132.68 49.79
200814.41 551042.68 47.20
200814.41 550952.68 43.26
200814.41 550862.68 41.32
200814.41 550772.68 41.12
200814.41 550682.68 36.35
200814.41 550592.68 35.15
200814.41 550502.68 35.57
200814.41 550412.68 39.84
200814.41 550322.68 47.37
200814.41 550232.68 60.58
200814.41 550142.68 72.97
200814.41 550052.68 84.21
200814.41 549962.68 94.08
200814.41 549872.68 109.46
200814.41 549782.68 128.77
200814.41 549692.68 130.66
200814.41 549602.68 122.14
200814.41 549512.68 143.75
200814.41 549422.68 158.05
200814.41 549332.68 141.00
200814.41 549242.68 96.94
200814.41 549152.68 95.04
200814.41 549062.68 94.49
200814.41 548972.68 103.93
200904.41 552842.68 31.87
200904.41 552752.68 26.85
200904.41 552662.68 25.23
200904.41 552572.68 24.07
200904.41 552482.68 22.31
200904.41 552392.68 20.82
200904.41 552302.68 20.17
200904.41 552212.68 19.50
200904.41 552122.68 19.91
200904.41 552032.68 20.57
200904.41 551942.68 23.21
200904.41 551852.68 24.57
200904.41 551762.68 24.95
200904.41 551672.68 25.95
200904.41 551582.68 32.04
200904.41 551492.68 38.69
200904.41 551402.68 34.59
200904.41 551312.68 34.56
200904.41 551222.68 35.23
200904.41 551132.68 31.50
200904.41 551042.68 32.31
200904.41 550952.68 30.88
200904.41 550862.68 30.31
200904.41 550772.68 30.60
200904.41 550682.68 33.24
200904.41 550592.68 34.69
200904.41 550502.68 35.73
200904.41 550412.68 40.20
200904.41 550322.68 45.72
200904.41 550232.68 51.52
200904.41 550142.68 67.56
200904.41 550052.68 76.71
200904.41 549962.68 90.37
200904.41 549872.68 101.64
200904.41 549782.68 92.70
200904.41 549692.68 100.22
200904.41 549602.68 93.16
200904.41 549512.68 107.41
200904.41 549422.68 102.83
200904.41 549332.68 81.34
200904.41 549242.68 59.72
200904.41 549152.68 53.95
200904.41 549062.68 56.79
200904.41 548972.68 70.23
200994.41 552842.68 45.37
200994.41 552752.68 30.57
200994.41 552662.68 25.33
200994.41 552572.68 23.23
200994.41 552482.68 21.56
200994.41 552392.68 20.42
200994.41 552302.68 19.91
200994.41 552212.68 19.48
200994.41 552122.68 20.46
200994.41 552032.68 21.98
200994.41 551942.68 24.41
200994.41 551852.68 24.99
200994.41 551762.68 25.00
200994.41 551672.68 25.10
200994.41 551582.68 32.24
200994.41 551492.68 34.71
200994.41 551402.68 31.08
200994.41 551312.68 30.20
200994.41 551222.68 30.41
200994.41 551132.68 30.03
200994.41 551042.68 29.85
200994.41 550952.68 29.82
200994.41 550862.68 29.93
200994.41 550772.68 29.96
200994.41 550682.68 32.54
200994.41 550592.68 35.08
200994.41 550502.68 37.10
200994.41 550412.68 39.35
200994.41 550322.68 45.01
200994.41 550232.68 51.65
200994.41 550142.68 67.94
200994.41 550052.68 80.73
200994.41 549962.68 100.65
200994.41 549872.68 94.83
200994.41 549782.68 82.78
200994.41 549692.68 88.05
200994.41 549602.68 81.11
200994.41 549512.68 82.14
200994.41 549422.68 72.65
200994.41 549332.68 61.64
200994.41 549242.68 44.16
200994.41 549152.68 41.04
200994.41 549062.68 40.90
201084.41 552842.68 42.49
201084.41 552752.68 31.74
201084.41 552662.68 27.57
201084.41 552572.68 23.01
201084.41 552482.68 20.54
201084.41 552392.68 20.03
201084.41 552302.68 20.00
201084.41 552212.68 19.55
201084.41 552122.68 20.58
201084.41 552032.68 22.12
201084.41 551942.68 24.40
201084.41 551852.68 24.98
201084.41 551762.68 25.00
201084.41 551672.68 25.00
201084.41 551582.68 26.02
201084.41 551492.68 28.77
201084.41 551402.68 28.80
201084.41 551312.68 29.18
201084.41 551222.68 28.54
201084.41 551132.68 29.00
201084.41 551042.68 29.38
201084.41 550952.68 29.30
201084.41 550862.68 29.43
201084.41 550772.68 30.29
201084.41 550682.68 33.79
201084.41 550592.68 37.64
201084.41 550502.68 41.95
201084.41 550412.68 51.51
201084.41 550322.68 48.20
201084.41 550232.68 53.41
201084.41 550142.68 68.67
201084.41 550052.68 88.23
201084.41 549962.68 83.50
201084.41 549872.68 65.94
201084.41 549782.68 71.64
201084.41 549692.68 70.72
201084.41 549602.68 73.42
201084.41 549512.68 64.81
201084.41 549422.68 53.17
201084.41 549332.68 47.63
201084.41 549242.68 31.32
201084.41 549152.68 34.08
201084.41 549062.68 32.12
201174.41 552842.68 28.10
201174.41 552752.68 26.40
201174.41 552662.68 25.62
201174.41 552572.68 21.16
201174.41 552482.68 20.02
201174.41 552392.68 20.00
201174.41 552302.68 20.00
201174.41 552212.68 19.65
201174.41 552122.68 20.17
201174.41 552032.68 21.23
201174.41 551942.68 22.50
201174.41 551852.68 24.07
201174.41 551762.68 24.55
201174.41 551672.68 24.72
201174.41 551582.68 24.91
201174.41 551492.68 25.08
201174.41 551402.68 25.44
201174.41 551312.68 25.22
201174.41 551222.68 25.87
201174.41 551132.68 27.68
201174.41 551042.68 28.85
201174.41 550952.68 29.04
201174.41 550862.68 29.65
201174.41 550772.68 32.15
201174.41 550682.68 40.26
201174.41 550592.68 42.44
201174.41 550502.68 48.35
201174.41 550412.68 58.08
201174.41 550322.68 62.25
201174.41 550232.68 76.23
201174.41 550142.68 91.80
201174.41 550052.68 95.99
201174.41 549962.68 67.48
201174.41 549872.68 52.44
201174.41 549782.68 52.03
201174.41 549692.68 68.44
201174.41 549602.68 80.33
201174.41 549512.68 67.43
201174.41 549422.68 53.35
201174.41 549332.68 37.52
201174.41 549242.68 26.58
201174.41 549152.68 21.71
201264.41 552842.68 25.27
201264.41 552752.68 24.26
201264.41 552662.68 22.75
201264.41 552572.68 20.49
201264.41 552482.68 20.00
201264.41 552392.68 20.00
201264.41 552302.68 20.00
201264.41 552212.68 19.72
201264.41 552122.68 19.93
201264.41 552032.68 19.95
201264.41 551942.68 20.72
201264.41 551852.68 22.59
201264.41 551762.68 23.67
201264.41 551672.68 24.26
201264.41 551582.68 24.63
201264.41 551492.68 24.86
201264.41 551402.68 24.98
201264.41 551312.68 25.10
201264.41 551222.68 25.90
201264.41 551132.68 28.45
201264.41 551042.68 29.97
201264.41 550952.68 31.50
201264.41 550862.68 33.69
201264.41 550772.68 35.91
201264.41 550682.68 48.29
201264.41 550592.68 52.47
201264.41 550502.68 61.00
201264.41 550412.68 76.76
201264.41 550322.68 93.20
201264.41 550232.68 104.63
201264.41 550142.68 100.92
201264.41 550052.68 80.63
201264.41 549962.68 60.39
201264.41 549872.68 42.18
201264.41 549782.68 50.94
201264.41 549692.68 69.43
201264.41 549602.68 73.16
201264.41 549512.68 67.82
201264.41 549422.68 53.00
201264.41 549332.68 36.38
201264.41 549242.68 23.62
201354.41 552842.68 23.02
201354.41 552752.68 21.88
201354.41 552662.68 20.52
201354.41 552572.68 20.04
201354.41 552482.68 20.00
201354.41 552392.68 20.00
201354.41 552302.68 20.00
201354.41 552212.68 19.75
201354.41 552122.68 19.94
201354.41 552032.68 19.90
201354.41 551942.68 20.73
201354.41 551852.68 22.20
201354.41 551762.68 23.27
201354.41 551672.68 23.97
201354.41 551582.68 24.45
201354.41 551492.68 24.68
201354.41 551402.68 24.71
201354.41 551312.68 26.83
201354.41 551222.68 28.91
201354.41 551132.68 30.68
201354.41 551042.68 35.74
201354.41 550952.68 37.26
201354.41 550862.68 42.93
201354.41 550772.68 46.05
201354.41 550682.68 55.78
201354.41 550592.68 61.05
201354.41 550502.68 83.06
201354.41 550412.68 103.77
201354.41 550322.68 125.22
201354.41 550232.68 121.57
201354.41 550142.68 89.13
201354.41 550052.68 68.80
201354.41 549962.68 42.11
201354.41 549872.68 34.35
201354.41 549782.68 45.74
201354.41 549692.68 55.79
201354.41 549602.68 59.91
201354.41 549512.68 53.80
201354.41 549422.68 40.69
201354.41 549332.68 30.97
201444.41 552842.68 23.29
201444.41 552752.68 21.16
201444.41 552662.68 19.79
201444.41 552572.68 19.32
201444.41 552482.68 19.81
201444.41 552392.68 19.41
201444.41 552302.68 20.13
201444.41 552212.68 20.28
201444.41 552122.68 20.02
201444.41 552032.68 20.50
201444.41 551942.68 21.12
201444.41 551852.68 22.21
201444.41 551762.68 22.97
201444.41 551672.68 23.50
201444.41 551582.68 23.62
201444.41 551492.68 23.54
201444.41 551402.68 25.45
201444.41 551312.68 28.67
201444.41 551222.68 30.98
201444.41 551132.68 32.48
201444.41 551042.68 40.61
201444.41 550952.68 47.72
201444.41 550862.68 58.12
201444.41 550772.68 67.04
201444.41 550682.68 72.04
201444.41 550592.68 76.93
201444.41 550502.68 86.68
201444.41 550412.68 115.00
201444.41 550322.68 129.77
201444.41 550232.68 109.04
201444.41 550142.68 81.55
201444.41 550052.68 67.36
201444.41 549962.68 35.81
201444.41 549872.68 37.33
201444.41 549782.68 36.55
201444.41 549692.68 35.98
201444.41 549602.68 53.22
201444.41 549512.68 46.49
201534.41 552842.68 40.00
201534.41 552752.68 27.65
201534.41 552662.68 20.61
201534.41 552572.68 18.42
201534.41 552482.68 18.00
201534.41 552392.68 18.25
201534.41 552302.68 15.74
201534.41 552212.68 19.44
201534.41 552122.68 20.05
201534.41 552032.68 20.11
201534.41 551942.68 20.76
201534.41 551852.68 21.75
201534.41 551762.68 22.42
201534.41 551672.68 22.92
201534.41 551582.68 22.94
201534.41 551492.68 23.43
201534.41 551402.68 25.03
201534.41 551312.68 27.24
201534.41 551222.68 31.63
201534.41 551132.68 44.40
201534.41 551042.68 53.83
201534.41 550952.68 55.04
201534.41 550862.68 66.91
201534.41 550772.68 91.17
201534.41 550682.68 97.70
201534.41 550592.68 96.03
201534.41 550502.68 98.31
201534.41 550412.68 107.55
201534.41 550322.68 120.69
201534.41 550232.68 106.96
201534.41 550142.68 90.77
201534.41 550052.68 73.55
201534.41 549962.68 36.85
201534.41 549872.68 30.81
201534.41 549782.68 31.27
201534.41 549692.68 46.37
201534.41 549602.68 54.59
201624.41 552932.68 41.36
201624.41 552842.68 25.96
201624.41 552752.68 19.79
201624.41 552662.68 18.83
201624.41 552572.68 18.01
201624.41 552482.68 18.98
201624.41 552392.68 17.44
201624.41 552302.68 18.47
201624.41 552212.68 19.05
201624.41 552122.68 23.29
201624.41 552032.68 24.51
201624.41 551942.68 24.47
201624.41 551852.68 23.92
201624.41 551762.68 23.28
201624.41 551672.68 25.85
201624.41 551582.68 25.09
201624.41 551492.68 25.26
201624.41 551402.68 29.41
201624.41 551312.68 30.58
201624.41 551222.68 30.89
201624.41 551132.68 39.92
201624.41 551042.68 47.34
201624.41 550952.68 59.93
201624.41 550862.68 71.80
201624.41 550772.68 77.37
201624.41 550682.68 68.95
201624.41 550592.68 67.57
201624.41 550502.68 65.27
201624.41 550412.68 67.72
201624.41 550322.68 71.20
201624.41 550232.68 66.84
201624.41 550142.68 54.52
201624.41 550052.68 53.00
201624.41 549962.68 27.80
201624.41 549872.68 23.96
201624.41 549782.68 35.71
201714.41 552932.68 28.02
201714.41 552842.68 20.17
201714.41 552752.68 19.26
201714.41 552662.68 19.08
201714.41 552572.68 18.54
201714.41 552482.68 16.72
201714.41 552392.68 20.58
201714.41 552302.68 24.15
201714.41 552212.68 21.71
201714.41 552122.68 24.71
201714.41 552032.68 25.14
201714.41 551942.68 24.99
201714.41 551852.68 24.97
201714.41 551762.68 24.22
201714.41 551672.68 27.53
201714.41 551582.68 27.36
201714.41 551492.68 27.51
201714.41 551402.68 33.62
201714.41 551312.68 36.70
201714.41 551222.68 36.13
201714.41 551132.68 40.16
201714.41 551042.68 52.15
201714.41 550952.68 70.07
201714.41 550862.68 81.61
201714.41 550772.68 75.34
201714.41 550682.68 64.54
201714.41 550592.68 59.34
201714.41 550502.68 62.02
201714.41 550412.68 75.83
201714.41 550322.68 79.67
201714.41 550232.68 76.38
201714.41 550142.68 65.66
201714.41 550052.68 49.90
201714.41 549962.68 24.95
201714.41 549872.68 27.13
201804.41 552932.68 22.79
201804.41 552842.68 18.74
201804.41 552752.68 18.46
201804.41 552662.68 18.68
201804.41 552572.68 18.74
201804.41 552482.68 15.49
201804.41 552392.68 20.40
201804.41 552302.68 29.38
201804.41 552212.68 29.89
201804.41 552122.68 27.12
201804.41 552032.68 25.31
201804.41 551942.68 25.00
201804.41 551852.68 25.00
201804.41 551762.68 24.63
201804.41 551672.68 26.61
201804.41 551582.68 29.72
201804.41 551492.68 30.38
201804.41 551402.68 33.41
201804.41 551312.68 37.09
201804.41 551222.68 45.23
201804.41 551132.68 49.94
201804.41 551042.68 65.18
201804.41 550952.68 78.55
201804.41 550862.68 80.27
201804.41 550772.68 74.15
201804.41 550682.68 76.89
201804.41 550592.68 66.97
201804.41 550502.68 56.05
201804.41 550412.68 54.99
201804.41 550322.68 66.53
201804.41 550232.68 73.15
201804.41 550142.68 67.15
201804.41 550052.68 49.80
201804.41 549962.68 24.18
201894.41 552932.68 19.30
201894.41 552842.68 18.12
201894.41 552752.68 17.95
201894.41 552662.68 18.19
201894.41 552572.68 18.50
201894.41 552482.68 16.87
201894.41 552392.68 21.37
201894.41 552302.68 28.98
201894.41 552212.68 26.70
201894.41 552122.68 22.13
201894.41 552032.68 24.22
201894.41 551942.68 25.00
201894.41 551852.68 25.00
201894.41 551762.68 25.08
201894.41 551672.68 27.48
201894.41 551582.68 31.78
201894.41 551492.68 35.29
201894.41 551402.68 40.28
201894.41 551312.68 47.79
201894.41 551222.68 54.05
201894.41 551132.68 62.99
201894.41 551042.68 75.95
201894.41 550952.68 78.52
201894.41 550862.68 78.50
201894.41 550772.68 75.46
201894.41 550682.68 76.25
201894.41 550592.68 70.10
201894.41 550502.68 59.22
201894.41 550412.68 47.23
201894.41 550322.68 64.69
201894.41 550232.68 75.47
201894.41 550142.68 56.15
201984.41 552932.68 18.35
201984.41 552842.68 17.90
201984.41 552752.68 17.81
201984.41 552662.68 18.02
201984.41 552572.68 18.46
201984.41 552482.68 14.66
201984.41 552392.68 19.45
201984.41 552302.68 21.58
201984.41 552212.68 20.25
201984.41 552122.68 19.90
201984.41 552032.68 21.09
201984.41 551942.68 23.26
201984.41 551852.68 24.49
201984.41 551762.68 25.60
201984.41 551672.68 31.60
201984.41 551582.68 33.23
201984.41 551492.68 37.50
201984.41 551402.68 45.85
201984.41 551312.68 51.40
201984.41 551222.68 63.54
201984.41 551132.68 70.66
201984.41 551042.68 73.03
201984.41 550952.68 74.19
201984.41 550862.68 76.00
201984.41 550772.68 80.45
201984.41 550682.68 75.26
201984.41 550592.68 65.46
201984.41 550502.68 52.14
201984.41 550412.68 42.67
201984.41 550322.68 53.55
201984.41 550232.68 54.08
202074.41 552932.68 18.16
202074.41 552842.68 17.81
202074.41 552752.68 17.79
202074.41 552662.68 17.77
202074.41 552572.68 17.99
202074.41 552482.68 15.07
202074.41 552392.68 18.31
202074.41 552302.68 11.88
202074.41 552212.68 8.64
202074.41 552122.68 15.44
202074.41 552032.68 20.05
202074.41 551942.68 23.82
202074.41 551852.68 24.86
202074.41 551762.68 26.70
202074.41 551672.68 31.22
202074.41 551582.68 36.44
202074.41 551492.68 45.41
202074.41 551402.68 52.41
202074.41 551312.68 64.80
202074.41 551222.68 67.69
202074.41 551132.68 67.65
202074.41 551042.68 66.82
202074.41 550952.68 67.33
202074.41 550862.68 70.88
202074.41 550772.68 66.47
202074.41 550682.68 57.11
202074.41 550592.68 55.29
202074.41 550502.68 51.33
202074.41 550412.68 39.39
202074.41 550322.68 40.85
202164.41 552932.68 17.76
202164.41 552842.68 17.84
202164.41 552752.68 17.75
202164.41 552662.68 17.72
202164.41 552572.68 17.85
202164.41 552482.68 18.50
202164.41 552392.68 17.98
202164.41 552302.68 20.09
202164.41 552212.68 21.27
202164.41 552122.68 21.85
202164.41 552032.68 21.95
202164.41 551942.68 24.24
202164.41 551852.68 24.96
202164.41 551762.68 26.90
202164.41 551672.68 32.84
202164.41 551582.68 37.53
202164.41 551492.68 57.17
202164.41 551402.68 67.98
202164.41 551312.68 65.74
202164.41 551222.68 56.47
202164.41 551132.68 48.02
202164.41 551042.68 53.78
202164.41 550952.68 63.92
202164.41 550862.68 65.89
202164.41 550772.68 62.34
202164.41 550682.68 53.37
202164.41 550592.68 48.37
202164.41 550502.68 45.29
202254.41 552842.68 17.74
202254.41 552752.68 18.04
202254.41 552662.68 17.79
202254.41 552572.68 17.71
202254.41 552482.68 17.96
202254.41 552392.68 13.41
202254.41 552302.68 17.60
202254.41 552212.68 17.68
202254.41 552122.68 18.86
202254.41 552032.68 19.27
202254.41 551942.68 20.12
202254.41 551852.68 22.39
202254.41 551762.68 26.32
202254.41 551672.68 30.49
202254.41 551582.68 41.52
202254.41 551492.68 57.93
202254.41 551402.68 68.40
202254.41 551312.68 62.35
202254.41 551222.68 53.62
202254.41 551132.68 42.32
202254.41 551042.68 54.36
202254.41 550952.68 64.33
202254.41 550862.68 63.74
202254.41 550772.68 62.71
202254.41 550682.68 58.45
202254.41 550592.68 57.25
202344.41 552842.68 17.78
202344.41 552752.68 17.77
202344.41 552662.68 17.57
202344.41 552572.68 17.45
202344.41 552482.68 17.24
202344.41 552392.68 17.95
202344.41 552302.68 17.20
202344.41 552212.68 18.55
202344.41 552122.68 26.16
202344.41 552032.68 26.61
202344.41 551942.68 25.04
202344.41 551852.68 29.41
202344.41 551762.68 30.02
202344.41 551672.68 32.19
202344.41 551582.68 38.05
202344.41 551492.68 48.36
202344.41 551402.68 66.21
202344.41 551312.68 44.67
202344.41 551222.68 32.05
202344.41 551132.68 47.60
202344.41 551042.68 50.82
202344.41 550952.68 45.83
202344.41 550862.68 43.88
202344.41 550772.68 42.19
202434.41 552752.68 17.00
202434.41 552662.68 17.73
202434.41 552572.68 18.07
202434.41 552482.68 18.28
202434.41 552392.68 18.52
202434.41 552302.68 13.17
202434.41 552212.68 18.30
202434.41 552122.68 27.53
202434.41 552032.68 32.43
202434.41 551942.68 31.55
202434.41 551852.68 29.10
202434.41 551762.68 29.07
202434.41 551672.68 33.65
202434.41 551582.68 40.92
202434.41 551492.68 51.28
202434.41 551402.68 45.31
202434.41 551312.68 35.32
202434.41 551222.68 31.22
202434.41 551132.68 41.81
202434.41 551042.68 45.39
202434.41 550952.68 40.70
202434.41 550862.68 36.12
202524.41 552572.68 17.94
202524.41 552482.68 18.13
202524.41 552392.68 18.22
202524.41 552302.68 17.52
202524.41 552212.68 18.23
202524.41 552122.68 23.87
202524.41 552032.68 28.08
202524.41 551942.68 26.20
202524.41 551852.68 25.68
202524.41 551762.68 30.36
202524.41 551672.68 33.48
202524.41 551582.68 41.21
202524.41 551492.68 40.60
202524.41 551402.68 41.72
202524.41 551312.68 31.53
202524.41 551222.68 25.63
202524.41 551132.68 31.09
202524.41 551042.68 35.14
202524.41 550952.68 31.78
202614.41 552302.68 18.56
202614.41 552212.68 17.45
202614.41 552122.68 22.12
202614.41 552032.68 25.65
202614.41 551942.68 23.95
202614.41 551852.68 25.16
202614.41 551762.68 27.97
202614.41 551672.68 31.15
202614.41 551582.68 33.10
202614.41 551492.68 37.39
202614.41 551402.68 31.06
202614.41 551312.68 24.92
202614.41 551222.68 31.48
202614.41 551132.68 28.32
202704.41 552032.68 23.72
202704.41 551942.68 22.07
202704.41 551852.68 23.37
202704.41 551762.68 24.70
202704.41 551672.68 28.79
202704.41 551582.68 31.17
202704.41 551492.68 28.58
202704.41 551402.68 24.42
202704.41 551312.68 22.77
202704.41 551222.68 25.70
202794.41 551672.68 28.24
202794.41 551582.68 30.01
202794.41 551492.68 29.82
