205747.72 557456.65 17.85
205747.72 557366.65 17.54
205747.72 557276.65 19.02
205747.72 557186.65 19.05
205747.72 557096.65 17.41
205747.72 557006.65 16.93
205837.72 557636.65 19.13
205837.72 557546.65 18.16
205837.72 557456.65 17.65
205837.72 557366.65 17.69
205837.72 557276.65 17.81
205837.72 557186.65 17.84
205837.72 557096.65 17.57
205837.72 557006.65 17.60
205837.72 556916.65 17.43
205837.72 556826.65 17.44
205837.72 556736.65 17.61
205837.72 556646.65 17.13
205837.72 556556.65 16.57
205837.72 556466.65 16.42
205837.72 556376.65 16.12
205927.72 557726.65 18.26
205927.72 557636.65 18.21
205927.72 557546.65 17.67
205927.72 557456.65 17.77
205927.72 557366.65 19.26
205927.72 557276.65 18.29
205927.72 557186.65 18.10
205927.72 557096.65 19.60
205927.72 557006.65 19.57
205927.72 556916.65 19.78
205927.72 556826.65 19.97
205927.72 556736.65 19.83
205927.72 556646.65 19.63
205927.72 556556.65 19.50
205927.72 556466.65 19.47
205927.72 556376.65 19.39
205927.72 556286.65 19.28
205927.72 556196.65 19.42
205927.72 556106.65 19.45
205927.72 556016.65 19.19
205927.72 555926.65 19.06
205927.72 555836.65 18.19
205927.72 555746.65 17.37
206017.72 557726.65 18.00
206017.72 557636.65 18.23
206017.72 557546.65 17.97
206017.72 557456.65 17.93
206017.72 557366.65 19.10
206017.72 557276.65 18.60
206017.72 557186.65 18.74
206017.72 557096.65 19.95
206017.72 557006.65 19.91
206017.72 556916.65 20.03
206017.72 556826.65 20.78
206017.72 556736.65 20.77
206017.72 556646.65 20.23
206017.72 556556.65 20.14
206017.72 556466.65 20.28
206017.72 556376.65 20.34
206017.72 556286.65 20.18
206017.72 556196.65 20.15
206017.72 556106.65 20.16
206017.72 556016.65 20.17
206017.72 555926.65 20.17
206017.72 555836.65 19.74
206017.72 555746.65 17.74
206017.72 555656.65 16.56
206017.72 555566.65 16.49
206017.72 555476.65 16.69
206017.72 555386.65 15.30
206017.72 555296.65 12.68
206017.72 555206.65 11.74
206017.72 555116.65 11.68
206107.72 557726.65 17.26
206107.72 557636.65 17.26
206107.72 557546.65 17.21
206107.72 557456.65 17.57
206107.72 557366.65 18.79
206107.72 557276.65 18.39
206107.72 557186.65 17.34
206107.72 557096.65 18.66
206107.72 557006.65 19.94
206107.72 556916.65 19.99
206107.72 556826.65 20.04
206107.72 556736.65 20.27
206107.72 556646.65 20.38
206107.72 556556.65 20.30
206107.72 556466.65 20.17
206107.72 556376.65 20.08
206107.72 556286.65 20.07
206107.72 556196.65 18.42
206107.72 556106.65 18.34
206107.72 556016.65 19.66
206107.72 555926.65 19.68
206107.72 555836.65 19.48
206107.72 555746.65 18.62
206107.72 555656.65 17.17
206107.72 555566.65 15.42
206107.72 555476.65 13.11
206107.72 555386.65 11.12
206107.72 555296.65 10.94
206107.72 555206.65 11.58
206107.72 555116.65 11.75
206107.72 555026.65 11.15
206107.72 554936.65 10.58
206107.72 554846.65 11.25
206107.72 554756.65 12.65
206107.72 554666.65 13.23
206107.72 554576.65 13.86
206197.72 557816.65 12.76
206197.72 557726.65 12.70
206197.72 557636.65 12.63
206197.72 557546.65 12.60
206197.72 557456.65 12.85
206197.72 557366.65 13.77
206197.72 557276.65 14.48
206197.72 557186.65 13.49
206197.72 557096.65 13.35
206197.72 557006.65 14.20
206197.72 556916.65 14.29
206197.72 556826.65 14.39
206197.72 556736.65 14.58
206197.72 556646.65 14.72
206197.72 556556.65 14.90
206197.72 556466.65 15.30
206197.72 556376.65 15.73
206197.72 556286.65 16.54
206197.72 556196.65 17.55
206197.72 556106.65 18.79
206197.72 556016.65 19.51
206197.72 555926.65 19.40
206197.72 555836.65 19.33
206197.72 555746.65 18.24
206197.72 555656.65 15.05
206197.72 555566.65 11.77
206197.72 555476.65 10.77
206197.72 555386.65 12.56
206197.72 555296.65 14.76
206197.72 555206.65 14.81
206197.72 555116.65 14.36
206197.72 555026.65 14.09
206197.72 554936.65 12.65
206197.72 554846.65 11.64
206197.72 554756.65 11.41
206197.72 554666.65 10.91
206197.72 554576.65 10.67
206197.72 554486.65 10.82
206197.72 554396.65 11.21
206197.72 554306.65 12.38
206197.72 554216.65 15.03
206197.72 554126.65 15.80
206197.72 554036.65 15.06
206197.72 553946.65 14.50
206287.72 557816.65 15.52
206287.72 557726.65 14.83
206287.72 557636.65 14.55
206287.72 557546.65 14.01
206287.72 557456.65 13.57
206287.72 557366.65 12.75
206287.72 557276.65 12.32
206287.72 557186.65 11.92
206287.72 557096.65 11.33
206287.72 557006.65 11.26
206287.72 556916.65 11.21
206287.72 556826.65 11.25
206287.72 556736.65 11.47
206287.72 556646.65 11.48
206287.72 556556.65 11.35
206287.72 556466.65 11.41
206287.72 556376.65 11.44
206287.72 556286.65 11.68
206287.72 556196.65 12.34
206287.72 556106.65 13.12
206287.72 556016.65 13.51
206287.72 555926.65 13.63
206287.72 555836.65 13.90
206287.72 555746.65 13.03
206287.72 555656.65 11.43
206287.72 555566.65 11.21
206287.72 555476.65 13.86
206287.72 555386.65 15.14
206287.72 555296.65 14.55
206287.72 555206.65 14.47
206287.72 555116.65 14.36
206287.72 555026.65 14.32
206287.72 554936.65 15.15
206287.72 554846.65 15.94
206287.72 554756.65 15.61
206287.72 554666.65 15.11
206287.72 554576.65 14.98
206287.72 554486.65 14.38
206287.72 554396.65 12.88
206287.72 554306.65 11.14
206287.72 554216.65 11.37
206287.72 554126.65 13.16
206287.72 554036.65 14.66
206287.72 553946.65 14.61
206287.72 553856.65 13.92
206287.72 553766.65 14.23
206287.72 553676.65 14.53
206287.72 553586.65 13.40
206287.72 553496.65 12.47
206287.72 553406.65 12.75
206287.72 553316.65 12.89
206377.72 557816.65 16.72
206377.72 557726.65 16.62
206377.72 557636.65 16.66
206377.72 557546.65 16.78
206377.72 557456.65 17.65
206377.72 557366.65 15.92
206377.72 557276.65 15.83
206377.72 557186.65 17.42
206377.72 557096.65 17.11
206377.72 557006.65 17.08
206377.72 556916.65 17.35
206377.72 556826.65 17.05
206377.72 556736.65 15.98
206377.72 556646.65 15.56
206377.72 556556.65 16.06
206377.72 556466.65 14.76
206377.72 556376.65 12.77
206377.72 556286.65 12.11
206377.72 556196.65 11.82
206377.72 556106.65 11.43
206377.72 556016.65 11.11
206377.72 555926.65 10.19
206377.72 555836.65 10.25
206377.72 555746.65 11.42
206377.72 555656.65 12.78
206377.72 555566.65 13.98
206377.72 555476.65 14.69
206377.72 555386.65 14.54
206377.72 555296.65 14.13
206377.72 555206.65 14.19
206377.72 555116.65 14.24
206377.72 555026.65 14.11
206377.72 554936.65 14.67
206377.72 554846.65 15.03
206377.72 554756.65 14.68
206377.72 554666.65 14.62
206377.72 554576.65 14.56
206377.72 554486.65 14.39
206377.72 554396.65 14.28
206377.72 554306.65 12.91
206377.72 554216.65 10.44
206377.72 554126.65 9.37
206377.72 554036.65 11.06
206377.72 553946.65 14.54
206377.72 553856.65 15.06
206377.72 553766.65 14.19
206377.72 553676.65 13.79
206377.72 553586.65 12.84
206377.72 553496.65 12.49
206377.72 553406.65 12.62
206377.72 553316.65 12.85
206377.72 553226.65 13.04
206377.72 553136.65 13.20
206377.72 553046.65 13.20
206377.72 552956.65 13.03
206377.72 552866.65 12.87
206377.72 552776.65 12.83
206377.72 552686.65 12.83
206467.72 557816.65 16.98
206467.72 557726.65 16.76
206467.72 557636.65 16.82
206467.72 557546.65 17.88
206467.72 557456.65 17.04
206467.72 557366.65 17.25
206467.72 557276.65 18.10
206467.72 557186.65 17.15
206467.72 557096.65 16.76
206467.72 557006.65 16.69
206467.72 556916.65 16.93
206467.72 556826.65 16.94
206467.72 556736.65 16.60
206467.72 556646.65 16.70
206467.72 556556.65 16.46
206467.72 556466.65 15.65
206467.72 556376.65 15.04
206467.72 556286.65 14.94
206467.72 556196.65 15.81
206467.72 556106.65 16.18
206467.72 556016.65 14.73
206467.72 555926.65 13.13
206467.72 555836.65 13.03
206467.72 555746.65 14.85
206467.72 555656.65 15.27
206467.72 555566.65 14.51
206467.72 555476.65 14.36
206467.72 555386.65 14.12
206467.72 555296.65 13.97
206467.72 555206.65 13.89
206467.72 555116.65 13.98
206467.72 555026.65 14.42
206467.72 554936.65 14.92
206467.72 554846.65 14.71
206467.72 554756.65 14.20
206467.72 554666.65 14.10
206467.72 554576.65 13.94
206467.72 554486.65 13.80
206467.72 554396.65 13.79
206467.72 554306.65 13.97
206467.72 554216.65 13.46
206467.72 554126.65 11.62
206467.72 554036.65 9.41
206467.72 553946.65 10.07
206467.72 553856.65 12.66
206467.72 553766.65 14.21
206467.72 553676.65 14.17
206467.72 553586.65 13.19
206467.72 553496.65 13.01
206467.72 553406.65 13.27
206467.72 553316.65 13.32
206467.72 553226.65 13.36
206467.72 553136.65 13.24
206467.72 553046.65 13.08
206467.72 552956.65 13.00
206467.72 552866.65 12.94
206467.72 552776.65 12.97
206467.72 552686.65 12.91
206467.72 552596.65 12.80
206467.72 552506.65 12.77
206467.72 552416.65 12.86
206467.72 552326.65 12.89
206557.72 557816.65 18.08
206557.72 557726.65 16.92
206557.72 557636.65 16.87
206557.72 557546.65 18.00
206557.72 557456.65 17.27
206557.72 557366.65 16.61
206557.72 557276.65 16.95
206557.72 557186.65 16.69
206557.72 557096.65 16.51
206557.72 557006.65 16.06
206557.72 556916.65 15.84
206557.72 556826.65 15.86
206557.72 556736.65 15.98
206557.72 556646.65 16.12
206557.72 556556.65 15.90
206557.72 556466.65 15.39
206557.72 556376.65 15.26
206557.72 556286.65 15.31
206557.72 556196.65 15.39
206557.72 556106.65 15.34
206557.72 556016.65 14.84
206557.72 555926.65 14.57
206557.72 555836.65 14.58
206557.72 555746.65 14.70
206557.72 555656.65 14.66
206557.72 555566.65 14.27
206557.72 555476.65 14.04
206557.72 555386.65 13.76
206557.72 555296.65 13.67
206557.72 555206.65 13.78
206557.72 555116.65 13.68
206557.72 555026.65 14.50
206557.72 554936.65 15.14
206557.72 554846.65 14.51
206557.72 554756.65 13.94
206557.72 554666.65 13.70
206557.72 554576.65 13.51
206557.72 554486.65 13.38
206557.72 554396.65 13.19
206557.72 554306.65 13.55
206557.72 554216.65 13.72
206557.72 554126.65 14.91
206557.72 554036.65 13.43
206557.72 553946.65 10.00
206557.72 553856.65 9.09
206557.72 553766.65 10.65
206557.72 553676.65 14.18
206557.72 553586.65 14.46
206557.72 553496.65 13.20
206557.72 553406.65 13.43
206557.72 553316.65 13.58
206557.72 553226.65 14.06
206557.72 553136.65 14.08
206557.72 553046.65 13.35
206557.72 552956.65 13.29
206557.72 552866.65 13.42
206557.72 552776.65 13.39
206557.72 552686.65 13.35
206557.72 552596.65 13.03
206557.72 552506.65 12.82
206557.72 552416.65 12.86
206557.72 552326.65 13.08
206557.72 552236.65 13.42
206647.72 557816.65 22.01
206647.72 557726.65 19.52
206647.72 557636.65 18.25
206647.72 557546.65 17.34
206647.72 557456.65 17.20
206647.72 557366.65 17.69
206647.72 557276.65 17.34
206647.72 557186.65 16.86
206647.72 557096.65 16.39
206647.72 557006.65 16.11
206647.72 556916.65 15.95
206647.72 556826.65 15.75
206647.72 556736.65 15.72
206647.72 556646.65 15.71
206647.72 556556.65 15.58
206647.72 556466.65 15.59
206647.72 556376.65 15.58
206647.72 556286.65 15.49
206647.72 556196.65 15.05
206647.72 556106.65 14.64
206647.72 556016.65 14.55
206647.72 555926.65 14.63
206647.72 555836.65 14.66
206647.72 555746.65 14.31
206647.72 555656.65 14.12
206647.72 555566.65 14.09
206647.72 555476.65 13.99
206647.72 555386.65 13.95
206647.72 555296.65 13.88
206647.72 555206.65 13.81
206647.72 555116.65 13.64
206647.72 555026.65 14.34
206647.72 554936.65 14.66
206647.72 554846.65 14.07
206647.72 554756.65 13.77
206647.72 554666.65 13.55
206647.72 554576.65 13.35
206647.72 554486.65 13.13
206647.72 554396.65 13.08
206647.72 554306.65 13.36
206647.72 554216.65 13.54
206647.72 554126.65 14.02
206647.72 554036.65 13.81
206647.72 553946.65 12.81
206647.72 553856.65 14.03
206647.72 553766.65 13.50
206647.72 553676.65 11.08
206647.72 553586.65 11.19
206647.72 553496.65 13.09
206647.72 553406.65 14.18
206647.72 553316.65 14.28
206647.72 553226.65 14.00
206647.72 553136.65 13.52
206647.72 553046.65 13.16
206647.72 552956.65 13.37
206647.72 552866.65 13.63
206647.72 552776.65 13.54
206647.72 552686.65 13.51
206647.72 552596.65 13.06
206647.72 552506.65 12.94
206647.72 552416.65 13.22
206647.72 552326.65 13.39
206647.72 552236.65 14.36
206647.72 552146.65 12.45
206737.72 557906.65 23.10
206737.72 557816.65 21.32
206737.72 557726.65 19.34
206737.72 557636.65 18.64
206737.72 557546.65 18.40
206737.72 557456.65 17.83
206737.72 557366.65 17.62
206737.72 557276.65 17.50
206737.72 557186.65 17.16
206737.72 557096.65 16.66
206737.72 557006.65 16.47
206737.72 556916.65 16.49
206737.72 556826.65 16.42
206737.72 556736.65 16.14
206737.72 556646.65 15.84
206737.72 556556.65 15.75
206737.72 556466.65 15.82
206737.72 556376.65 15.90
206737.72 556286.65 15.68
206737.72 556196.65 15.33
206737.72 556106.65 14.96
206737.72 556016.65 14.76
206737.72 555926.65 14.78
206737.72 555836.65 14.68
206737.72 555746.65 14.44
206737.72 555656.65 14.34
206737.72 555566.65 14.46
206737.72 555476.65 14.35
206737.72 555386.65 14.09
206737.72 555296.65 14.10
206737.72 555206.65 13.87
206737.72 555116.65 13.52
206737.72 555026.65 14.21
206737.72 554936.65 14.34
206737.72 554846.65 13.76
206737.72 554756.65 13.71
206737.72 554666.65 13.64
206737.72 554576.65 13.35
206737.72 554486.65 13.21
206737.72 554396.65 13.38
206737.72 554306.65 13.46
206737.72 554216.65 13.38
206737.72 554126.65 13.34
206737.72 554036.65 13.55
206737.72 553946.65 13.57
206737.72 553856.65 13.89
206737.72 553766.65 13.96
206737.72 553676.65 13.13
206737.72 553586.65 10.46
206737.72 553496.65 8.83
206737.72 553406.65 9.88
206737.72 553316.65 10.92
206737.72 553226.65 11.48
206737.72 553136.65 11.70
206737.72 553046.65 11.77
206737.72 552956.65 12.13
206737.72 552866.65 13.37
206737.72 552776.65 14.52
206737.72 552686.65 15.23
206737.72 552596.65 15.71
206737.72 552506.65 15.12
206737.72 552416.65 13.30
206737.72 552326.65 11.78
206737.72 552236.65 10.53
206737.72 552146.65 9.24
206737.72 552056.65 9.60
206827.72 557906.65 20.49
206827.72 557816.65 19.16
206827.72 557726.65 18.77
206827.72 557636.65 17.37
206827.72 557546.65 17.10
206827.72 557456.65 17.57
206827.72 557366.65 17.21
206827.72 557276.65 17.60
206827.72 557186.65 18.97
206827.72 557096.65 19.46
206827.72 557006.65 18.32
206827.72 556916.65 17.73
206827.72 556826.65 18.44
206827.72 556736.65 18.09
206827.72 556646.65 16.98
206827.72 556556.65 16.49
206827.72 556466.65 16.55
206827.72 556376.65 16.76
206827.72 556286.65 16.72
206827.72 556196.65 16.44
206827.72 556106.65 15.71
206827.72 556016.65 15.24
206827.72 555926.65 15.20
206827.72 555836.65 14.95
206827.72 555746.65 14.58
206827.72 555656.65 14.37
206827.72 555566.65 14.42
206827.72 555476.65 14.44
206827.72 555386.65 14.32
206827.72 555296.65 14.42
206827.72 555206.65 14.39
206827.72 555116.65 13.82
206827.72 555026.65 13.85
206827.72 554936.65 13.94
206827.72 554846.65 13.65
206827.72 554756.65 13.92
206827.72 554666.65 14.14
206827.72 554576.65 13.93
206827.72 554486.65 13.89
206827.72 554396.65 13.77
206827.72 554306.65 13.38
206827.72 554216.65 13.21
206827.72 554126.65 13.19
206827.72 554036.65 13.35
206827.72 553946.65 13.43
206827.72 553856.65 13.26
206827.72 553766.65 13.17
206827.72 553676.65 13.11
206827.72 553586.65 12.21
206827.72 553496.65 10.95
206827.72 553406.65 10.22
206827.72 553316.65 9.64
206827.72 553226.65 9.10
206827.72 553136.65 8.56
206827.72 553046.65 8.34
206827.72 552956.65 8.40
206827.72 552866.65 8.67
206827.72 552776.65 9.08
206827.72 552686.65 9.53
206827.72 552596.65 9.83
206827.72 552506.65 9.44
206827.72 552416.65 8.70
206827.72 552326.65 8.37
206827.72 552236.65 9.01
206827.72 552146.65 12.44
206827.72 552056.65 14.76
206917.72 557906.65 20.71
206917.72 557816.65 18.76
206917.72 557726.65 19.21
206917.72 557636.65 19.73
206917.72 557546.65 18.95
206917.72 557456.65 17.91
206917.72 557366.65 17.75
206917.72 557276.65 18.90
206917.72 557186.65 21.70
206917.72 557096.65 22.91
206917.72 557006.65 21.54
206917.72 556916.65 20.76
206917.72 556826.65 21.57
206917.72 556736.65 21.50
206917.72 556646.65 20.39
206917.72 556556.65 19.42
206917.72 556466.65 18.65
206917.72 556376.65 18.38
206917.72 556286.65 18.34
206917.72 556196.65 17.65
206917.72 556106.65 16.47
206917.72 556016.65 15.83
206917.72 555926.65 15.62
206917.72 555836.65 15.50
206917.72 555746.65 15.14
206917.72 555656.65 14.76
206917.72 555566.65 14.79
206917.72 555476.65 14.78
206917.72 555386.65 14.83
206917.72 555296.65 15.06
206917.72 555206.65 15.68
206917.72 555116.65 15.22
206917.72 555026.65 14.18
206917.72 554936.65 13.64
206917.72 554846.65 13.53
206917.72 554756.65 14.07
206917.72 554666.65 14.18
206917.72 554576.65 13.80
206917.72 554486.65 13.65
206917.72 554396.65 13.37
206917.72 554306.65 13.12
206917.72 554216.65 13.16
206917.72 554126.65 13.12
206917.72 554036.65 13.15
206917.72 553946.65 13.42
206917.72 553856.65 13.41
206917.72 553766.65 13.04
206917.72 553676.65 13.00
206917.72 553586.65 13.85
206917.72 553496.65 13.96
206917.72 553406.65 14.30
206917.72 553316.65 15.46
206917.72 553226.65 15.60
206917.72 553136.65 13.91
206917.72 553046.65 11.99
206917.72 552956.65 11.78
206917.72 552866.65 11.45
206917.72 552776.65 10.72
206917.72 552686.65 10.50
206917.72 552596.65 10.40
206917.72 552506.65 10.34
206917.72 552416.65 10.65
206917.72 552326.65 12.28
206917.72 552236.65 14.22
206917.72 552146.65 15.39
206917.72 552056.65 15.77
207007.72 557906.65 23.33
207007.72 557816.65 20.45
207007.72 557726.65 18.83
207007.72 557636.65 18.57
207007.72 557546.65 18.23
207007.72 557456.65 17.86
207007.72 557366.65 19.44
207007.72 557276.65 21.15
207007.72 557186.65 23.90
207007.72 557096.65 25.87
207007.72 557006.65 25.03
207007.72 556916.65 24.71
207007.72 556826.65 26.95
207007.72 556736.65 26.49
207007.72 556646.65 23.78
207007.72 556556.65 23.26
207007.72 556466.65 22.00
207007.72 556376.65 20.97
207007.72 556286.65 20.33
207007.72 556196.65 19.35
207007.72 556106.65 18.37
207007.72 556016.65 17.77
207007.72 555926.65 18.18
207007.72 555836.65 17.65
207007.72 555746.65 16.13
207007.72 555656.65 15.43
207007.72 555566.65 15.25
207007.72 555476.65 15.17
207007.72 555386.65 15.37
207007.72 555296.65 15.86
207007.72 555206.65 16.48
207007.72 555116.65 15.94
207007.72 555026.65 14.58
207007.72 554936.65 13.71
207007.72 554846.65 13.44
207007.72 554756.65 13.49
207007.72 554666.65 13.27
207007.72 554576.65 13.00
207007.72 554486.65 12.95
207007.72 554396.65 12.84
207007.72 554306.65 12.70
207007.72 554216.65 12.67
207007.72 554126.65 12.67
207007.72 554036.65 12.74
207007.72 553946.65 12.84
207007.72 553856.65 12.81
207007.72 553766.65 12.72
207007.72 553676.65 12.84
207007.72 553586.65 13.09
207007.72 553496.65 13.14
207007.72 553406.65 12.38
207007.72 553316.65 12.27
207007.72 553226.65 14.43
207007.72 553136.65 17.20
207007.72 553046.65 17.84
207007.72 552956.65 16.70
207007.72 552866.65 15.36
207007.72 552776.65 14.51
207007.72 552686.65 14.20
207007.72 552596.65 14.19
207007.72 552506.65 14.39
207007.72 552416.65 14.49
207007.72 552326.65 15.02
207007.72 552236.65 15.72
207007.72 552146.65 16.07
207007.72 552056.65 16.14
207097.72 557906.65 26.58
207097.72 557816.65 22.46
207097.72 557726.65 19.13
207097.72 557636.65 18.42
207097.72 557546.65 18.12
207097.72 557456.65 19.46
207097.72 557366.65 21.54
207097.72 557276.65 23.43
207097.72 557186.65 26.77
207097.72 557096.65 29.42
207097.72 557006.65 29.29
207097.72 556916.65 29.50
207097.72 556826.65 32.22
207097.72 556736.65 32.07
207097.72 556646.65 29.08
207097.72 556556.65 28.34
207097.72 556466.65 27.08
207097.72 556376.65 24.63
207097.72 556286.65 22.73
207097.72 556196.65 21.42
207097.72 556106.65 20.84
207097.72 556016.65 20.66
207097.72 555926.65 20.36
207097.72 555836.65 19.35
207097.72 555746.65 18.28
207097.72 555656.65 17.11
207097.72 555566.65 16.75
207097.72 555476.65 18.65
207097.72 555386.65 19.11
207097.72 555296.65 18.62
207097.72 555206.65 18.39
207097.72 555116.65 17.02
207097.72 555026.65 15.37
207097.72 554936.65 14.28
207097.72 554846.65 14.10
207097.72 554756.65 14.42
207097.72 554666.65 14.21
207097.72 554576.65 13.75
207097.72 554486.65 13.68
207097.72 554396.65 13.59
207097.72 554306.65 13.39
207097.72 554216.65 13.16
207097.72 554126.65 13.32
207097.72 554036.65 13.86
207097.72 553946.65 14.07
207097.72 553856.65 13.89
207097.72 553766.65 13.74
207097.72 553676.65 13.63
207097.72 553586.65 13.83
207097.72 553496.65 14.12
207097.72 553406.65 13.98
207097.72 553316.65 11.87
207097.72 553226.65 14.32
207097.72 553136.65 17.53
207097.72 553046.65 16.65
207097.72 552956.65 16.45
207097.72 552866.65 16.41
207097.72 552776.65 16.36
207097.72 552686.65 16.43
207097.72 552596.65 16.23
207097.72 552506.65 16.01
207097.72 552416.65 15.95
207097.72 552326.65 16.18
207097.72 552236.65 16.48
207097.72 552146.65 16.93
207097.72 552056.65 17.29
207187.72 557906.65 28.74
207187.72 557816.65 23.02
207187.72 557726.65 19.62
207187.72 557636.65 19.49
207187.72 557546.65 19.59
207187.72 557456.65 22.62
207187.72 557366.65 24.49
207187.72 557276.65 26.15
207187.72 557186.65 30.66
207187.72 557096.65 33.08
207187.72 557006.65 32.53
207187.72 556916.65 34.84
207187.72 556826.65 37.70
207187.72 556736.65 37.47
207187.72 556646.65 38.21
207187.72 556556.65 37.94
207187.72 556466.65 32.95
207187.72 556376.65 28.07
207187.72 556286.65 25.55
207187.72 556196.65 23.24
207187.72 556106.65 21.70
207187.72 556016.65 21.97
207187.72 555926.65 21.76
207187.72 555836.65 20.87
207187.72 555746.65 20.33
207187.72 555656.65 18.57
207187.72 555566.65 17.77
207187.72 555476.65 19.82
207187.72 555386.65 20.93
207187.72 555296.65 20.28
207187.72 555206.65 19.06
207187.72 555116.65 16.99
207187.72 555026.65 15.29
207187.72 554936.65 14.43
207187.72 554846.65 14.32
207187.72 554756.65 14.76
207187.72 554666.65 14.65
207187.72 554576.65 14.35
207187.72 554486.65 14.53
207187.72 554396.65 14.43
207187.72 554306.65 13.98
207187.72 554216.65 13.85
207187.72 554126.65 14.01
207187.72 554036.65 14.84
207187.72 553946.65 15.18
207187.72 553856.65 14.79
207187.72 553766.65 15.04
207187.72 553676.65 15.46
207187.72 553586.65 15.33
207187.72 553496.65 18.22
207187.72 553406.65 17.75
207187.72 553316.65 15.80
207187.72 553226.65 17.01
207187.72 553136.65 16.62
207187.72 553046.65 16.20
207187.72 552956.65 16.99
207187.72 552866.65 17.39
207187.72 552776.65 17.44
207187.72 552686.65 17.73
207187.72 552596.65 17.25
207187.72 552506.65 16.87
207187.72 552416.65 17.24
207187.72 552326.65 17.55
207187.72 552236.65 17.76
207187.72 552146.65 18.25
207187.72 552056.65 18.76
207277.72 557996.65 31.14
207277.72 557906.65 26.15
207277.72 557816.65 20.62
207277.72 557726.65 19.89
207277.72 557636.65 20.00
207277.72 557546.65 19.76
207277.72 557456.65 25.19
207277.72 557366.65 29.85
207277.72 557276.65 32.20
207277.72 557186.65 39.44
207277.72 557096.65 45.19
207277.72 557006.65 45.69
207277.72 556916.65 47.71
207277.72 556826.65 49.48
207277.72 556736.65 55.52
207277.72 556646.65 59.26
207277.72 556556.65 54.52
207277.72 556466.65 44.65
207277.72 556376.65 35.24
207277.72 556286.65 31.40
207277.72 556196.65 28.44
207277.72 556106.65 27.95
207277.72 556016.65 26.88
207277.72 555926.65 23.98
207277.72 555836.65 23.07
207277.72 555746.65 21.56
207277.72 555656.65 20.19
207277.72 555566.65 19.76
207277.72 555476.65 21.81
207277.72 555386.65 23.94
207277.72 555296.65 22.42
207277.72 555206.65 19.37
207277.72 555116.65 16.96
207277.72 555026.65 15.46
207277.72 554936.65 14.66
207277.72 554846.65 14.68
207277.72 554756.65 14.91
207277.72 554666.65 14.90
207277.72 554576.65 15.35
207277.72 554486.65 15.30
207277.72 554396.65 14.64
207277.72 554306.65 14.49
207277.72 554216.65 14.79
207277.72 554126.65 15.16
207277.72 554036.65 16.21
207277.72 553946.65 16.34
207277.72 553856.65 15.58
207277.72 553766.65 16.04
207277.72 553676.65 16.88
207277.72 553586.65 16.39
207277.72 553496.65 16.89
207277.72 553406.65 17.70
207277.72 553316.65 17.81
207277.72 553226.65 17.25
207277.72 553136.65 16.60
207277.72 553046.65 17.28
207277.72 552956.65 18.39
207277.72 552866.65 18.64
207277.72 552776.65 18.90
207277.72 552686.65 19.08
207277.72 552596.65 18.58
207277.72 552506.65 18.48
207277.72 552416.65 18.97
207277.72 552326.65 19.35
207277.72 552236.65 19.30
207277.72 552146.65 19.54
207277.72 552056.65 19.95
207367.72 557996.65 27.61
207367.72 557906.65 22.09
207367.72 557816.65 19.00
207367.72 557726.65 20.18
207367.72 557636.65 21.14
207367.72 557546.65 24.92
207367.72 557456.65 29.61
207367.72 557366.65 32.29
207367.72 557276.65 33.36
207367.72 557186.65 42.88
207367.72 557096.65 60.93
207367.72 557006.65 75.08
207367.72 556916.65 82.33
207367.72 556826.65 87.53
207367.72 556736.65 92.17
207367.72 556646.65 99.19
207367.72 556556.65 96.91
207367.72 556466.65 76.45
207367.72 556376.65 57.73
207367.72 556286.65 47.36
207367.72 556196.65 42.78
207367.72 556106.65 39.45
207367.72 556016.65 34.30
207367.72 555926.65 29.92
207367.72 555836.65 27.59
207367.72 555746.65 25.50
207367.72 555656.65 25.53
207367.72 555566.65 26.05
207367.72 555476.65 25.66
207367.72 555386.65 24.51
207367.72 555296.65 22.30
207367.72 555206.65 19.73
207367.72 555116.65 17.14
207367.72 555026.65 15.80
207367.72 554936.65 15.51
207367.72 554846.65 15.67
207367.72 554756.65 16.75
207367.72 554666.65 17.88
207367.72 554576.65 17.94
207367.72 554486.65 17.26
207367.72 554396.65 17.28
207367.72 554306.65 17.41
207367.72 554216.65 17.53
207367.72 554126.65 18.91
207367.72 554036.65 19.23
207367.72 553946.65 17.95
207367.72 553856.65 17.26
207367.72 553766.65 17.90
207367.72 553676.65 18.59
207367.72 553586.65 18.29
207367.72 553496.65 17.71
207367.72 553406.65 17.68
207367.72 553316.65 17.94
207367.72 553226.65 18.59
207367.72 553136.65 19.46
207367.72 553046.65 20.61
207367.72 552956.65 23.00
207367.72 552866.65 24.66
207367.72 552776.65 25.05
207367.72 552686.65 24.76
207367.72 552596.65 25.09
207367.72 552506.65 26.23
207367.72 552416.65 25.14
207367.72 552326.65 24.03
207367.72 552236.65 24.36
207367.72 552146.65 23.35
207367.72 552056.65 24.04
207457.72 557996.65 27.05
207457.72 557906.65 22.96
207457.72 557816.65 20.15
207457.72 557726.65 20.34
207457.72 557636.65 22.44
207457.72 557546.65 27.89
207457.72 557456.65 31.85
207457.72 557366.65 34.11
207457.72 557276.65 36.74
207457.72 557186.65 53.43
207457.72 557096.65 73.97
207457.72 557006.65 81.53
207457.72 556916.65 88.62
207457.72 556826.65 98.52
207457.72 556736.65 114.04
207457.72 556646.65 120.23
207457.72 556556.65 107.34
207457.72 556466.65 90.72
207457.72 556376.65 77.66
207457.72 556286.65 66.95
207457.72 556196.65 59.44
207457.72 556106.65 52.53
207457.72 556016.65 42.46
207457.72 555926.65 34.63
207457.72 555836.65 30.86
207457.72 555746.65 28.19
207457.72 555656.65 28.74
207457.72 555566.65 28.80
207457.72 555476.65 26.88
207457.72 555386.65 25.34
207457.72 555296.65 23.87
207457.72 555206.65 20.68
207457.72 555116.65 17.45
207457.72 555026.65 16.31
207457.72 554936.65 15.95
207457.72 554846.65 16.22
207457.72 554756.65 18.58
207457.72 554666.65 20.07
207457.72 554576.65 19.08
207457.72 554486.65 18.00
207457.72 554396.65 17.61
207457.72 554306.65 17.59
207457.72 554216.65 18.45
207457.72 554126.65 20.39
207457.72 554036.65 20.51
207457.72 553946.65 19.08
207457.72 553856.65 18.65
207457.72 553766.65 19.53
207457.72 553676.65 19.97
207457.72 553586.65 19.63
207457.72 553496.65 19.10
207457.72 553406.65 18.72
207457.72 553316.65 19.10
207457.72 553226.65 20.48
207457.72 553136.65 22.40
207457.72 553046.65 24.29
207457.72 552956.65 26.71
207457.72 552866.65 29.90
207457.72 552776.65 32.67
207457.72 552686.65 32.07
207457.72 552596.65 34.00
207457.72 552506.65 35.66
207457.72 552416.65 31.41
207457.72 552326.65 30.04
207457.72 552236.65 30.61
207457.72 552146.65 28.88
207457.72 552056.65 29.34
207547.72 557996.65 24.95
207547.72 557906.65 22.45
207547.72 557816.65 21.65
207547.72 557726.65 21.82
207547.72 557636.65 23.71
207547.72 557546.65 26.85
207547.72 557456.65 31.36
207547.72 557366.65 37.32
207547.72 557276.65 42.11
207547.72 557186.65 57.48
207547.72 557096.65 69.78
207547.72 557006.65 75.75
207547.72 556916.65 90.10
207547.72 556826.65 109.54
207547.72 556736.65 128.15
207547.72 556646.65 131.08
207547.72 556556.65 123.64
207547.72 556466.65 104.27
207547.72 556376.65 89.43
207547.72 556286.65 82.44
207547.72 556196.65 65.97
207547.72 556106.65 55.26
207547.72 556016.65 47.72
207547.72 555926.65 38.08
207547.72 555836.65 31.87
207547.72 555746.65 29.94
207547.72 555656.65 30.53
207547.72 555566.65 30.74
207547.72 555476.65 29.05
207547.72 555386.65 26.19
207547.72 555296.65 23.06
207547.72 555206.65 19.77
207547.72 555116.65 17.64
207547.72 555026.65 16.95
207547.72 554936.65 17.00
207547.72 554846.65 17.45
207547.72 554756.65 19.42
207547.72 554666.65 19.92
207547.72 554576.65 18.53
207547.72 554486.65 17.94
207547.72 554396.65 17.89
207547.72 554306.65 18.29
207547.72 554216.65 19.14
207547.72 554126.65 20.66
207547.72 554036.65 21.19
207547.72 553946.65 20.11
207547.72 553856.65 19.96
207547.72 553766.65 20.70
207547.72 553676.65 20.89
207547.72 553586.65 20.76
207547.72 553496.65 20.42
207547.72 553406.65 20.01
207547.72 553316.65 20.48
207547.72 553226.65 22.12
207547.72 553136.65 25.52
207547.72 553046.65 29.45
207547.72 552956.65 31.55
207547.72 552866.65 34.37
207547.72 552776.65 37.89
207547.72 552686.65 42.35
207547.72 552596.65 46.31
207547.72 552506.65 44.32
207547.72 552416.65 39.43
207547.72 552326.65 38.19
207547.72 552236.65 38.00
207547.72 552146.65 34.13
207547.72 552056.65 32.42
207637.72 557996.65 23.63
207637.72 557906.65 21.56
207637.72 557816.65 21.47
207637.72 557726.65 22.45
207637.72 557636.65 25.32
207637.72 557546.65 29.80
207637.72 557456.65 32.67
207637.72 557366.65 35.93
207637.72 557276.65 39.62
207637.72 557186.65 48.04
207637.72 557096.65 56.44
207637.72 557006.65 67.19
207637.72 556916.65 82.58
207637.72 556826.65 98.43
207637.72 556736.65 114.46
207637.72 556646.65 127.63
207637.72 556556.65 142.69
207637.72 556466.65 130.25
207637.72 556376.65 104.25
207637.72 556286.65 87.57
207637.72 556196.65 70.73
207637.72 556106.65 58.97
207637.72 556016.65 47.35
207637.72 555926.65 37.61
207637.72 555836.65 32.63
207637.72 555746.65 29.68
207637.72 555656.65 27.85
207637.72 555566.65 28.24
207637.72 555476.65 28.03
207637.72 555386.65 25.54
207637.72 555296.65 21.75
207637.72 555206.65 18.51
207637.72 555116.65 17.45
207637.72 555026.65 17.48
207637.72 554936.65 17.89
207637.72 554846.65 18.86
207637.72 554756.65 22.12
207637.72 554666.65 23.30
207637.72 554576.65 20.45
207637.72 554486.65 18.55
207637.72 554396.65 18.45
207637.72 554306.65 19.31
207637.72 554216.65 19.97
207637.72 554126.65 20.65
207637.72 554036.65 21.15
207637.72 553946.65 20.73
207637.72 553856.65 21.01
207637.72 553766.65 21.83
207637.72 553676.65 22.12
207637.72 553586.65 21.83
207637.72 553496.65 21.41
207637.72 553406.65 21.33
207637.72 553316.65 23.22
207637.72 553226.65 25.42
207637.72 553136.65 28.96
207637.72 553046.65 35.74
207637.72 552956.65 40.54
207637.72 552866.65 44.21
207637.72 552776.65 47.35
207637.72 552686.65 54.19
207637.72 552596.65 53.93
207637.72 552506.65 49.50
207637.72 552416.65 50.07
207637.72 552326.65 50.45
207637.72 552236.65 49.85
207637.72 552146.65 41.66
207637.72 552056.65 38.24
207727.72 557996.65 24.18
207727.72 557906.65 21.91
207727.72 557816.65 21.49
207727.72 557726.65 24.21
207727.72 557636.65 28.02
207727.72 557546.65 31.41
207727.72 557456.65 32.76
207727.72 557366.65 34.17
207727.72 557276.65 35.28
207727.72 557186.65 37.94
207727.72 557096.65 45.72
207727.72 557006.65 54.14
207727.72 556916.65 66.60
207727.72 556826.65 81.64
207727.72 556736.65 96.33
207727.72 556646.65 113.14
207727.72 556556.65 127.95
207727.72 556466.65 127.33
207727.72 556376.65 112.63
207727.72 556286.65 91.90
207727.72 556196.65 72.01
207727.72 556106.65 59.51
207727.72 556016.65 47.72
207727.72 555926.65 39.39
207727.72 555836.65 34.56
207727.72 555746.65 28.69
207727.72 555656.65 25.17
207727.72 555566.65 24.98
207727.72 555476.65 24.73
207727.72 555386.65 23.49
207727.72 555296.65 20.84
207727.72 555206.65 18.35
207727.72 555116.65 17.56
207727.72 555026.65 17.89
207727.72 554936.65 18.73
207727.72 554846.65 20.62
207727.72 554756.65 25.07
207727.72 554666.65 26.00
207727.72 554576.65 21.75
207727.72 554486.65 19.04
207727.72 554396.65 18.83
207727.72 554306.65 21.64
207727.72 554216.65 22.52
207727.72 554126.65 21.37
207727.72 554036.65 21.86
207727.72 553946.65 21.96
207727.72 553856.65 22.33
207727.72 553766.65 23.30
207727.72 553676.65 23.78
207727.72 553586.65 23.15
207727.72 553496.65 22.95
207727.72 553406.65 23.46
207727.72 553316.65 25.56
207727.72 553226.65 28.78
207727.72 553136.65 33.82
207727.72 553046.65 43.06
207727.72 552956.65 53.67
207727.72 552866.65 60.15
207727.72 552776.65 60.35
207727.72 552686.65 61.04
207727.72 552596.65 61.88
207727.72 552506.65 63.18
207727.72 552416.65 63.87
207727.72 552326.65 62.74
207727.72 552236.65 60.48
207727.72 552146.65 56.01
207727.72 552056.65 53.39
207817.72 558086.65 27.15
207817.72 557996.65 24.30
207817.72 557906.65 23.06
207817.72 557816.65 21.78
207817.72 557726.65 22.87
207817.72 557636.65 27.03
207817.72 557546.65 30.76
207817.72 557456.65 31.65
207817.72 557366.65 31.19
207817.72 557276.65 31.49
207817.72 557186.65 33.44
207817.72 557096.65 36.69
207817.72 557006.65 43.08
207817.72 556916.65 54.36
207817.72 556826.65 67.07
207817.72 556736.65 81.22
207817.72 556646.65 95.92
207817.72 556556.65 102.19
207817.72 556466.65 98.07
207817.72 556376.65 92.65
207817.72 556286.65 78.17
207817.72 556196.65 61.63
207817.72 556106.65 58.52
207817.72 556016.65 49.76
207817.72 555926.65 40.20
207817.72 555836.65 36.90
207817.72 555746.65 30.48
207817.72 555656.65 25.70
207817.72 555566.65 24.44
207817.72 555476.65 24.22
207817.72 555386.65 22.21
207817.72 555296.65 19.71
207817.72 555206.65 18.73
207817.72 555116.65 18.35
207817.72 555026.65 18.49
207817.72 554936.65 19.49
207817.72 554846.65 23.10
207817.72 554756.65 25.53
207817.72 554666.65 23.80
207817.72 554576.65 21.05
207817.72 554486.65 19.50
207817.72 554396.65 19.26
207817.72 554306.65 23.77
207817.72 554216.65 24.80
207817.72 554126.65 22.55
207817.72 554036.65 23.25
207817.72 553946.65 23.13
207817.72 553856.65 23.05
207817.72 553766.65 24.71
207817.72 553676.65 25.84
207817.72 553586.65 24.81
207817.72 553496.65 24.19
207817.72 553406.65 25.41
207817.72 553316.65 28.44
207817.72 553226.65 33.01
207817.72 553136.65 39.96
207817.72 553046.65 50.16
207817.72 552956.65 59.82
207817.72 552866.65 66.89
207817.72 552776.65 69.35
207817.72 552686.65 71.06
207817.72 552596.65 78.37
207817.72 552506.65 86.67
207817.72 552416.65 87.81
207817.72 552326.65 84.80
207817.72 552236.65 81.84
207817.72 552146.65 74.94
207817.72 552056.65 64.82
207907.72 558086.65 24.65
207907.72 557996.65 23.14
207907.72 557906.65 22.61
207907.72 557816.65 22.61
207907.72 557726.65 24.34
207907.72 557636.65 25.82
207907.72 557546.65 26.77
207907.72 557456.65 28.14
207907.72 557366.65 29.33
207907.72 557276.65 31.20
207907.72 557186.65 37.69
207907.72 557096.65 43.34
207907.72 557006.65 51.05
207907.72 556916.65 57.55
207907.72 556826.65 64.12
207907.72 556736.65 78.67
207907.72 556646.65 90.05
207907.72 556556.65 86.10
207907.72 556466.65 77.15
207907.72 556376.65 73.17
207907.72 556286.65 64.81
207907.72 556196.65 52.39
207907.72 556106.65 48.29
207907.72 556016.65 45.21
207907.72 555926.65 40.46
207907.72 555836.65 36.51
207907.72 555746.65 30.07
207907.72 555656.65 25.83
207907.72 555566.65 24.63
207907.72 555476.65 23.89
207907.72 555386.65 21.28
207907.72 555296.65 19.38
207907.72 555206.65 19.12
207907.72 555116.65 18.86
207907.72 555026.65 19.14
207907.72 554936.65 20.32
207907.72 554846.65 24.46
207907.72 554756.65 27.06
207907.72 554666.65 24.33
207907.72 554576.65 21.56
207907.72 554486.65 20.51
207907.72 554396.65 19.89
207907.72 554306.65 24.37
207907.72 554216.65 25.79
207907.72 554126.65 23.77
207907.72 554036.65 26.12
207907.72 553946.65 25.86
207907.72 553856.65 23.92
207907.72 553766.65 25.57
207907.72 553676.65 27.57
207907.72 553586.65 26.76
207907.72 553496.65 25.70
207907.72 553406.65 27.34
207907.72 553316.65 31.15
207907.72 553226.65 37.77
207907.72 553136.65 45.49
207907.72 553046.65 55.73
207907.72 552956.65 67.17
207907.72 552866.65 74.15
207907.72 552776.65 75.86
207907.72 552686.65 80.64
207907.72 552596.65 91.50
207907.72 552506.65 109.44
207907.72 552416.65 121.22
207907.72 552326.65 111.36
207907.72 552236.65 112.79
207907.72 552146.65 100.13
207907.72 552056.65 76.30
207997.72 558086.65 23.90
207997.72 557996.65 22.83
207997.72 557906.65 22.45
207997.72 557816.65 22.56
207997.72 557726.65 22.23
207997.72 557636.65 23.19
207997.72 557546.65 24.87
207997.72 557456.65 27.11
207997.72 557366.65 29.67
207997.72 557276.65 32.64
207997.72 557186.65 39.84
207997.72 557096.65 54.62
207997.72 557006.65 68.63
207997.72 556916.65 69.54
207997.72 556826.65 69.29
207997.72 556736.65 78.84
207997.72 556646.65 82.07
207997.72 556556.65 74.01
207997.72 556466.65 62.67
207997.72 556376.65 58.33
207997.72 556286.65 55.01
207997.72 556196.65 47.12
207997.72 556106.65 43.17
207997.72 556016.65 41.17
207997.72 555926.65 38.21
207997.72 555836.65 34.42
207997.72 555746.65 29.04
207997.72 555656.65 25.27
207997.72 555566.65 24.48
207997.72 555476.65 22.42
207997.72 555386.65 19.85
207997.72 555296.65 19.45
207997.72 555206.65 19.42
207997.72 555116.65 19.64
207997.72 555026.65 20.08
207997.72 554936.65 21.10
207997.72 554846.65 24.88
207997.72 554756.65 28.27
207997.72 554666.65 26.04
207997.72 554576.65 22.89
207997.72 554486.65 21.80
207997.72 554396.65 20.84
207997.72 554306.65 26.39
207997.72 554216.65 28.18
207997.72 554126.65 26.71
207997.72 554036.65 28.95
207997.72 553946.65 28.13
207997.72 553856.65 25.67
207997.72 553766.65 26.28
207997.72 553676.65 28.34
207997.72 553586.65 28.43
207997.72 553496.65 27.53
207997.72 553406.65 30.04
207997.72 553316.65 34.69
207997.72 553226.65 41.28
207997.72 553136.65 49.27
207997.72 553046.65 62.19
207997.72 552956.65 79.04
207997.72 552866.65 82.02
207997.72 552776.65 77.70
207997.72 552686.65 79.60
207997.72 552596.65 93.31
207997.72 552506.65 137.31
207997.72 552416.65 166.38
207997.72 552326.65 151.16
207997.72 552236.65 144.90
207997.72 552146.65 124.78
207997.72 552056.65 101.08
208087.72 558086.65 22.88
208087.72 557996.65 22.56
208087.72 557906.65 25.04
208087.72 557816.65 26.99
208087.72 557726.65 26.32
208087.72 557636.65 23.77
208087.72 557546.65 23.42
208087.72 557456.65 25.66
208087.72 557366.65 27.90
208087.72 557276.65 31.35
208087.72 557186.65 37.70
208087.72 557096.65 43.70
208087.72 557006.65 47.83
208087.72 556916.65 53.91
208087.72 556826.65 60.63
208087.72 556736.65 66.93
208087.72 556646.65 66.68
208087.72 556556.65 58.19
208087.72 556466.65 48.64
208087.72 556376.65 43.98
208087.72 556286.65 42.15
208087.72 556196.65 40.61
208087.72 556106.65 38.26
208087.72 556016.65 34.69
208087.72 555926.65 32.41
208087.72 555836.65 30.33
208087.72 555746.65 27.22
208087.72 555656.65 24.97
208087.72 555566.65 24.08
208087.72 555476.65 21.79
208087.72 555386.65 19.65
208087.72 555296.65 19.71
208087.72 555206.65 21.88
208087.72 555116.65 24.54
208087.72 555026.65 23.32
208087.72 554936.65 22.59
208087.72 554846.65 25.74
208087.72 554756.65 27.65
208087.72 554666.65 26.73
208087.72 554576.65 25.57
208087.72 554486.65 24.75
208087.72 554396.65 23.85
208087.72 554306.65 26.39
208087.72 554216.65 30.82
208087.72 554126.65 33.81
208087.72 554036.65 34.92
208087.72 553946.65 33.01
208087.72 553856.65 29.73
208087.72 553766.65 29.40
208087.72 553676.65 32.82
208087.72 553586.65 33.58
208087.72 553496.65 32.99
208087.72 553406.65 36.54
208087.72 553316.65 44.21
208087.72 553226.65 52.95
208087.72 553136.65 60.07
208087.72 553046.65 73.49
208087.72 552956.65 91.94
208087.72 552866.65 134.72
208087.72 552776.65 183.88
208087.72 552686.65 179.08
208087.72 552596.65 142.82
208087.72 552506.65 140.22
208087.72 552416.65 174.07
208087.72 552326.65 203.88
208087.72 552236.65 200.57
208087.72 552146.65 163.89
208087.72 552056.65 148.04
208177.72 558086.65 22.81
208177.72 557996.65 24.35
208177.72 557906.65 27.76
208177.72 557816.65 30.50
208177.72 557726.65 32.33
208177.72 557636.65 28.78
208177.72 557546.65 25.51
208177.72 557456.65 25.58
208177.72 557366.65 26.56
208177.72 557276.65 29.55
208177.72 557186.65 35.07
208177.72 557096.65 39.48
208177.72 557006.65 40.86
208177.72 556916.65 43.10
208177.72 556826.65 49.86
208177.72 556736.65 60.17
208177.72 556646.65 57.02
208177.72 556556.65 47.90
208177.72 556466.65 44.24
208177.72 556376.65 39.87
208177.72 556286.65 37.66
208177.72 556196.65 36.64
208177.72 556106.65 34.49
208177.72 556016.65 31.87
208177.72 555926.65 30.36
208177.72 555836.65 28.65
208177.72 555746.65 25.84
208177.72 555656.65 24.41
208177.72 555566.65 22.75
208177.72 555476.65 20.65
208177.72 555386.65 20.00
208177.72 555296.65 21.00
208177.72 555206.65 23.49
208177.72 555116.65 26.37
208177.72 555026.65 25.22
208177.72 554936.65 24.34
208177.72 554846.65 26.91
208177.72 554756.65 28.22
208177.72 554666.65 27.81
208177.72 554576.65 27.16
208177.72 554486.65 26.52
208177.72 554396.65 25.72
208177.72 554306.65 26.42
208177.72 554216.65 29.86
208177.72 554126.65 34.97
208177.72 554036.65 37.63
208177.72 553946.65 35.90
208177.72 553856.65 33.83
208177.72 553766.65 35.73
208177.72 553676.65 39.32
208177.72 553586.65 39.14
208177.72 553496.65 37.74
208177.72 553406.65 41.42
208177.72 553316.65 48.73
208177.72 553226.65 58.90
208177.72 553136.65 73.01
208177.72 553046.65 84.34
208177.72 552956.65 98.06
208177.72 552866.65 137.14
208177.72 552776.65 189.16
208177.72 552686.65 227.23
208177.72 552596.65 225.71
208177.72 552506.65 211.67
208177.72 552416.65 218.99
208177.72 552326.65 231.09
208177.72 552236.65 224.88
208177.72 552146.65 197.87
208177.72 552056.65 186.43
208267.72 558086.65 24.71
208267.72 557996.65 26.62
208267.72 557906.65 31.32
208267.72 557816.65 35.49
208267.72 557726.65 35.70
208267.72 557636.65 31.52
208267.72 557546.65 27.53
208267.72 557456.65 26.36
208267.72 557366.65 26.44
208267.72 557276.65 29.09
208267.72 557186.65 33.92
208267.72 557096.65 38.62
208267.72 557006.65 40.99
208267.72 556916.65 41.34
208267.72 556826.65 43.90
208267.72 556736.65 49.09
208267.72 556646.65 47.96
208267.72 556556.65 44.07
208267.72 556466.65 42.15
208267.72 556376.65 38.45
208267.72 556286.65 35.60
208267.72 556196.65 34.56
208267.72 556106.65 33.57
208267.72 556016.65 30.97
208267.72 555926.65 28.96
208267.72 555836.65 27.81
208267.72 555746.65 25.51
208267.72 555656.65 23.12
208267.72 555566.65 21.45
208267.72 555476.65 20.57
208267.72 555386.65 21.02
208267.72 555296.65 22.24
208267.72 555206.65 25.79
208267.72 555116.65 29.32
208267.72 555026.65 27.16
208267.72 554936.65 26.37
208267.72 554846.65 29.82
208267.72 554756.65 31.37
208267.72 554666.65 30.81
208267.72 554576.65 29.88
208267.72 554486.65 28.78
208267.72 554396.65 27.47
208267.72 554306.65 27.82
208267.72 554216.65 30.86
208267.72 554126.65 34.98
208267.72 554036.65 37.90
208267.72 553946.65 38.17
208267.72 553856.65 36.82
208267.72 553766.65 39.17
208267.72 553676.65 42.21
208267.72 553586.65 42.64
208267.72 553496.65 41.22
208267.72 553406.65 44.53
208267.72 553316.65 53.22
208267.72 553226.65 62.67
208267.72 553136.65 88.30
208267.72 553046.65 114.16
208267.72 552956.65 120.47
208267.72 552866.65 146.05
208267.72 552776.65 185.71
208267.72 552686.65 223.62
208267.72 552596.65 256.77
208267.72 552506.65 264.28
208267.72 552416.65 261.00
208267.72 552326.65 255.49
208267.72 552236.65 246.46
208267.72 552146.65 231.98
208267.72 552056.65 214.06
208357.72 558086.65 29.88
208357.72 557996.65 30.17
208357.72 557906.65 31.25
208357.72 557816.65 35.73
208357.72 557726.65 37.45
208357.72 557636.65 34.69
208357.72 557546.65 29.53
208357.72 557456.65 25.35
208357.72 557366.65 25.87
208357.72 557276.65 28.45
208357.72 557186.65 32.46
208357.72 557096.65 36.39
208357.72 557006.65 39.33
208357.72 556916.65 41.01
208357.72 556826.65 41.13
208357.72 556736.65 43.25
208357.72 556646.65 43.38
208357.72 556556.65 39.88
208357.72 556466.65 36.91
208357.72 556376.65 35.28
208357.72 556286.65 34.45
208357.72 556196.65 33.93
208357.72 556106.65 32.87
208357.72 556016.65 30.53
208357.72 555926.65 28.69
208357.72 555836.65 26.93
208357.72 555746.65 24.82
208357.72 555656.65 22.78
208357.72 555566.65 21.32
208357.72 555476.65 20.99
208357.72 555386.65 21.39
208357.72 555296.65 23.53
208357.72 555206.65 28.36
208357.72 555116.65 30.51
208357.72 555026.65 27.65
208357.72 554936.65 28.43
208357.72 554846.65 33.55
208357.72 554756.65 36.47
208357.72 554666.65 36.83
208357.72 554576.65 34.51
208357.72 554486.65 31.03
208357.72 554396.65 29.30
208357.72 554306.65 30.21
208357.72 554216.65 33.83
208357.72 554126.65 38.28
208357.72 554036.65 41.39
208357.72 553946.65 43.91
208357.72 553856.65 44.18
208357.72 553766.65 45.76
208357.72 553676.65 50.44
208357.72 553586.65 51.25
208357.72 553496.65 50.68
208357.72 553406.65 52.17
208357.72 553316.65 57.74
208357.72 553226.65 76.46
208357.72 553136.65 94.65
208357.72 553046.65 123.22
208357.72 552956.65 151.47
208357.72 552866.65 163.17
208357.72 552776.65 182.86
208357.72 552686.65 213.23
208357.72 552596.65 252.87
208357.72 552506.65 295.62
208357.72 552416.65 311.02
208357.72 552326.65 299.14
208357.72 552236.65 281.43
208357.72 552146.65 244.24
208447.72 558176.65 29.77
208447.72 558086.65 32.99
208447.72 557996.65 33.13
208447.72 557906.65 34.37
208447.72 557816.65 37.49
208447.72 557726.65 38.25
208447.72 557636.65 36.05
208447.72 557546.65 31.35
208447.72 557456.65 26.13
208447.72 557366.65 24.81
208447.72 557276.65 26.71
208447.72 557186.65 30.68
208447.72 557096.65 34.36
208447.72 557006.65 37.03
208447.72 556916.65 38.93
208447.72 556826.65 39.39
208447.72 556736.65 39.65
208447.72 556646.65 39.71
208447.72 556556.65 38.91
208447.72 556466.65 35.87
208447.72 556376.65 33.71
208447.72 556286.65 32.89
208447.72 556196.65 31.30
208447.72 556106.65 30.14
208447.72 556016.65 28.86
208447.72 555926.65 27.34
208447.72 555836.65 25.11
208447.72 555746.65 23.76
208447.72 555656.65 22.48
208447.72 555566.65 21.25
208447.72 555476.65 21.24
208447.72 555386.65 22.27
208447.72 555296.65 27.39
208447.72 555206.65 32.68
208447.72 555116.65 33.37
208447.72 555026.65 31.14
208447.72 554936.65 32.74
208447.72 554846.65 40.52
208447.72 554756.65 43.56
208447.72 554666.65 41.39
208447.72 554576.65 37.79
208447.72 554486.65 33.26
208447.72 554396.65 31.51
208447.72 554306.65 33.80
208447.72 554216.65 37.90
208447.72 554126.65 42.26
208447.72 554036.65 46.61
208447.72 553946.65 52.33
208447.72 553856.65 56.19
208447.72 553766.65 56.33
208447.72 553676.65 59.49
208447.72 553586.65 58.81
208447.72 553496.65 60.19
208447.72 553406.65 62.71
208447.72 553316.65 69.55
208447.72 553226.65 97.22
208447.72 553136.65 118.86
208447.72 553046.65 124.90
208447.72 552956.65 150.35
208447.72 552866.65 186.88
208447.72 552776.65 212.03
208447.72 552686.65 235.06
208447.72 552596.65 263.52
208447.72 552506.65 294.43
208447.72 552416.65 317.99
208447.72 552326.65 305.65
208447.72 552236.65 272.28
208447.72 552146.65 243.32
208537.72 558176.65 29.50
208537.72 558086.65 32.32
208537.72 557996.65 33.98
208537.72 557906.65 35.85
208537.72 557816.65 38.39
208537.72 557726.65 38.19
208537.72 557636.65 37.33
208537.72 557546.65 33.52
208537.72 557456.65 28.01
208537.72 557366.65 25.64
208537.72 557276.65 25.36
208537.72 557186.65 28.98
208537.72 557096.65 33.65
208537.72 557006.65 36.24
208537.72 556916.65 37.99
208537.72 556826.65 38.83
208537.72 556736.65 39.01
208537.72 556646.65 37.79
208537.72 556556.65 36.32
208537.72 556466.65 34.22
208537.72 556376.65 31.16
208537.72 556286.65 29.26
208537.72 556196.65 28.46
208537.72 556106.65 27.81
208537.72 556016.65 26.80
208537.72 555926.65 25.85
208537.72 555836.65 25.17
208537.72 555746.65 23.37
208537.72 555656.65 21.62
208537.72 555566.65 21.23
208537.72 555476.65 21.34
208537.72 555386.65 21.95
208537.72 555296.65 27.83
208537.72 555206.65 34.25
208537.72 555116.65 35.22
208537.72 555026.65 33.23
208537.72 554936.65 36.38
208537.72 554846.65 42.85
208537.72 554756.65 43.93
208537.72 554666.65 41.31
208537.72 554576.65 38.12
208537.72 554486.65 35.42
208537.72 554396.65 35.22
208537.72 554306.65 36.81
208537.72 554216.65 40.87
208537.72 554126.65 47.90
208537.72 554036.65 57.64
208537.72 553946.65 62.16
208537.72 553856.65 61.96
208537.72 553766.65 68.50
208537.72 553676.65 77.37
208537.72 553586.65 71.63
208537.72 553496.65 73.20
208537.72 553406.65 76.63
208537.72 553316.65 81.46
208537.72 553226.65 112.47
208537.72 553136.65 143.43
208537.72 553046.65 149.92
208537.72 552956.65 155.90
208537.72 552866.65 189.96
208537.72 552776.65 221.08
208537.72 552686.65 239.30
208537.72 552596.65 264.52
208537.72 552506.65 294.82
208537.72 552416.65 304.34
208537.72 552326.65 281.26
208537.72 552236.65 242.89
208537.72 552146.65 206.14
208627.72 558176.65 29.90
208627.72 558086.65 33.16
208627.72 557996.65 35.36
208627.72 557906.65 38.03
208627.72 557816.65 40.16
208627.72 557726.65 40.46
208627.72 557636.65 40.07
208627.72 557546.65 35.76
208627.72 557456.65 31.86
208627.72 557366.65 28.48
208627.72 557276.65 26.27
208627.72 557186.65 28.02
208627.72 557096.65 30.40
208627.72 557006.65 34.19
208627.72 556916.65 37.02
208627.72 556826.65 38.49
208627.72 556736.65 39.37
208627.72 556646.65 37.53
208627.72 556556.65 35.38
208627.72 556466.65 32.58
208627.72 556376.65 29.51
208627.72 556286.65 28.03
208627.72 556196.65 27.31
208627.72 556106.65 26.74
208627.72 556016.65 26.20
208627.72 555926.65 25.82
208627.72 555836.65 25.38
208627.72 555746.65 23.27
208627.72 555656.65 21.60
208627.72 555566.65 21.61
208627.72 555476.65 21.60
208627.72 555386.65 21.85
208627.72 555296.65 25.27
208627.72 555206.65 29.61
208627.72 555116.65 31.04
208627.72 555026.65 31.10
208627.72 554936.65 32.75
208627.72 554846.65 35.76
208627.72 554756.65 37.81
208627.72 554666.65 38.86
208627.72 554576.65 38.93
208627.72 554486.65 37.94
208627.72 554396.65 37.47
208627.72 554306.65 39.34
208627.72 554216.65 45.63
208627.72 554126.65 55.74
208627.72 554036.65 70.45
208627.72 553946.65 81.61
208627.72 553856.65 79.67
208627.72 553766.65 79.42
208627.72 553676.65 91.83
208627.72 553586.65 89.01
208627.72 553496.65 90.43
208627.72 553406.65 93.74
208627.72 553316.65 96.01
208627.72 553226.65 110.69
208627.72 553136.65 134.25
208627.72 553046.65 168.76
208627.72 552956.65 189.77
208627.72 552866.65 213.24
208627.72 552776.65 242.11
208627.72 552686.65 262.72
208627.72 552596.65 287.29
208627.72 552506.65 296.19
208627.72 552416.65 273.68
208627.72 552326.65 240.72
208627.72 552236.65 215.36
208627.72 552146.65 189.88
208717.72 558176.65 33.30
208717.72 558086.65 34.95
208717.72 557996.65 36.03
208717.72 557906.65 38.91
208717.72 557816.65 44.68
208717.72 557726.65 45.69
208717.72 557636.65 41.19
208717.72 557546.65 37.59
208717.72 557456.65 36.12
208717.72 557366.65 30.91
208717.72 557276.65 26.65
208717.72 557186.65 27.29
208717.72 557096.65 29.72
208717.72 557006.65 34.02
208717.72 556916.65 36.12
208717.72 556826.65 36.46
208717.72 556736.65 38.30
208717.72 556646.65 37.93
208717.72 556556.65 35.69
208717.72 556466.65 32.20
208717.72 556376.65 29.18
208717.72 556286.65 28.53
208717.72 556196.65 27.89
208717.72 556106.65 26.94
208717.72 556016.65 26.45
208717.72 555926.65 26.15
208717.72 555836.65 26.20
208717.72 555746.65 24.12
208717.72 555656.65 22.25
208717.72 555566.65 22.66
208717.72 555476.65 22.65
208717.72 555386.65 22.34
208717.72 555296.65 22.95
208717.72 555206.65 24.48
208717.72 555116.65 26.36
208717.72 555026.65 29.65
208717.72 554936.65 32.58
208717.72 554846.65 34.21
208717.72 554756.65 36.03
208717.72 554666.65 37.95
208717.72 554576.65 40.36
208717.72 554486.65 41.49
208717.72 554396.65 40.49
208717.72 554306.65 47.82
208717.72 554216.65 60.05
208717.72 554126.65 70.18
208717.72 554036.65 83.12
208717.72 553946.65 100.30
208717.72 553856.65 104.20
208717.72 553766.65 96.52
208717.72 553676.65 103.83
208717.72 553586.65 104.98
208717.72 553496.65 100.84
208717.72 553406.65 104.23
208717.72 553316.65 112.09
208717.72 553226.65 134.80
208717.72 553136.65 151.62
208717.72 553046.65 165.79
208717.72 552956.65 184.28
208717.72 552866.65 213.61
208717.72 552776.65 250.14
208717.72 552686.65 281.16
208717.72 552596.65 306.80
208717.72 552506.65 294.19
208717.72 552416.65 262.10
208717.72 552326.65 234.34
208717.72 552236.65 210.80
208717.72 552146.65 187.82
208807.72 558176.65 38.40
208807.72 558086.65 43.58
208807.72 557996.65 43.83
208807.72 557906.65 46.35
208807.72 557816.65 54.49
208807.72 557726.65 52.31
208807.72 557636.65 43.54
208807.72 557546.65 37.44
208807.72 557456.65 35.44
208807.72 557366.65 32.95
208807.72 557276.65 29.95
208807.72 557186.65 29.82
208807.72 557096.65 30.21
208807.72 557006.65 32.50
208807.72 556916.65 34.62
208807.72 556826.65 36.13
208807.72 556736.65 38.34
208807.72 556646.65 38.57
208807.72 556556.65 37.26
208807.72 556466.65 35.46
208807.72 556376.65 33.75
208807.72 556286.65 32.25
208807.72 556196.65 30.77
208807.72 556106.65 29.00
208807.72 556016.65 29.02
208807.72 555926.65 28.98
208807.72 555836.65 26.43
208807.72 555746.65 23.98
208807.72 555656.65 23.50
208807.72 555566.65 23.91
208807.72 555476.65 24.96
208807.72 555386.65 25.83
208807.72 555296.65 25.25
208807.72 555206.65 24.63
208807.72 555116.65 25.08
208807.72 555026.65 27.05
208807.72 554936.65 29.94
208807.72 554846.65 33.69
208807.72 554756.65 39.24
208807.72 554666.65 44.38
208807.72 554576.65 46.97
208807.72 554486.65 48.21
208807.72 554396.65 48.58
208807.72 554306.65 51.95
208807.72 554216.65 61.56
208807.72 554126.65 75.63
208807.72 554036.65 93.39
208807.72 553946.65 112.65
208807.72 553856.65 128.06
208807.72 553766.65 130.45
208807.72 553676.65 136.93
208807.72 553586.65 145.08
208807.72 553496.65 143.31
208807.72 553406.65 145.92
208807.72 553316.65 148.47
208807.72 553226.65 168.82
208807.72 553136.65 200.32
208807.72 553046.65 225.00
208807.72 552956.65 250.45
208807.72 552866.65 273.34
208807.72 552776.65 291.81
208807.72 552686.65 302.58
208807.72 552596.65 290.47
208807.72 552506.65 265.46
208807.72 552416.65 246.82
208807.72 552326.65 224.53
208807.72 552236.65 200.98
208807.72 552146.65 175.71
208897.72 558176.65 43.73
208897.72 558086.65 50.79
208897.72 557996.65 47.99
208897.72 557906.65 55.23
208897.72 557816.65 62.03
208897.72 557726.65 52.51
208897.72 557636.65 42.55
208897.72 557546.65 38.11
208897.72 557456.65 37.83
208897.72 557366.65 36.29
208897.72 557276.65 32.76
208897.72 557186.65 31.96
208897.72 557096.65 31.18
208897.72 557006.65 31.37
208897.72 556916.65 33.89
208897.72 556826.65 38.06
208897.72 556736.65 42.21
208897.72 556646.65 42.62
208897.72 556556.65 41.44
208897.72 556466.65 40.20
208897.72 556376.65 40.23
208897.72 556286.65 38.41
208897.72 556196.65 35.85
208897.72 556106.65 36.46
208897.72 556016.65 33.70
208897.72 555926.65 28.02
208897.72 555836.65 24.94
208897.72 555746.65 24.31
208897.72 555656.65 25.07
208897.72 555566.65 25.39
208897.72 555476.65 25.87
208897.72 555386.65 27.57
208897.72 555296.65 29.12
208897.72 555206.65 28.53
208897.72 555116.65 27.06
208897.72 555026.65 27.16
208897.72 554936.65 28.43
208897.72 554846.65 31.14
208897.72 554756.65 37.07
208897.72 554666.65 42.54
208897.72 554576.65 45.32
208897.72 554486.65 47.32
208897.72 554396.65 49.49
208897.72 554306.65 52.66
208897.72 554216.65 60.24
208897.72 554126.65 79.75
208897.72 554036.65 108.21
208897.72 553946.65 129.04
208897.72 553856.65 141.52
208897.72 553766.65 150.55
208897.72 553676.65 159.92
208897.72 553586.65 171.85
208897.72 553496.65 176.94
208897.72 553406.65 179.24
208897.72 553316.65 177.99
208897.72 553226.65 194.21
208897.72 553136.65 235.48
208897.72 553046.65 274.18
208897.72 552956.65 293.41
208897.72 552866.65 293.79
208897.72 552776.65 292.77
208897.72 552686.65 293.92
208897.72 552596.65 282.91
208897.72 552506.65 258.56
208897.72 552416.65 230.76
208897.72 552326.65 206.57
208897.72 552236.65 191.46
208897.72 552146.65 189.23
208987.72 558266.65 40.85
208987.72 558176.65 53.96
208987.72 558086.65 62.03
208987.72 557996.65 54.92
208987.72 557906.65 56.61
208987.72 557816.65 58.37
208987.72 557726.65 52.83
208987.72 557636.65 48.45
208987.72 557546.65 43.17
208987.72 557456.65 39.13
208987.72 557366.65 38.61
208987.72 557276.65 36.03
208987.72 557186.65 31.97
208987.72 557096.65 32.01
208987.72 557006.65 36.26
208987.72 556916.65 40.65
208987.72 556826.65 45.36
208987.72 556736.65 52.20
208987.72 556646.65 52.30
208987.72 556556.65 48.18
208987.72 556466.65 50.58
208987.72 556376.65 50.58
208987.72 556286.65 51.49
208987.72 556196.65 48.61
208987.72 556106.65 37.80
208987.72 556016.65 29.62
208987.72 555926.65 25.91
208987.72 555836.65 25.00
208987.72 555746.65 25.90
208987.72 555656.65 27.02
208987.72 555566.65 27.46
208987.72 555476.65 27.85
208987.72 555386.65 28.08
208987.72 555296.65 30.08
208987.72 555206.65 33.98
208987.72 555116.65 33.55
208987.72 555026.65 30.88
208987.72 554936.65 31.47
208987.72 554846.65 33.56
208987.72 554756.65 35.81
208987.72 554666.65 38.48
208987.72 554576.65 41.63
208987.72 554486.65 46.02
208987.72 554396.65 53.57
208987.72 554306.65 61.30
208987.72 554216.65 73.33
208987.72 554126.65 91.04
208987.72 554036.65 113.39
208987.72 553946.65 134.90
208987.72 553856.65 151.50
208987.72 553766.65 167.46
208987.72 553676.65 181.21
208987.72 553586.65 195.63
208987.72 553496.65 206.45
208987.72 553406.65 213.38
208987.72 553316.65 206.59
208987.72 553226.65 215.50
208987.72 553136.65 238.75
208987.72 553046.65 253.54
208987.72 552956.65 269.50
208987.72 552866.65 268.60
208987.72 552776.65 267.29
208987.72 552686.65 269.05
208987.72 552596.65 260.50
208987.72 552506.65 241.99
208987.72 552416.65 223.82
208987.72 552326.65 216.72
208987.72 552236.65 219.01
208987.72 552146.65 234.10
209077.72 558266.65 51.67
209077.72 558176.65 58.84
209077.72 558086.65 63.56
209077.72 557996.65 62.89
209077.72 557906.65 63.98
209077.72 557816.65 58.76
209077.72 557726.65 51.98
209077.72 557636.65 47.70
209077.72 557546.65 43.58
209077.72 557456.65 39.81
209077.72 557366.65 39.22
209077.72 557276.65 36.11
209077.72 557186.65 31.54
209077.72 557096.65 32.81
209077.72 557006.65 34.77
209077.72 556916.65 38.12
209077.72 556826.65 42.15
209077.72 556736.65 47.52
209077.72 556646.65 57.70
209077.72 556556.65 64.29
209077.72 556466.65 70.24
209077.72 556376.65 65.41
209077.72 556286.65 53.00
209077.72 556196.65 41.49
209077.72 556106.65 31.04
209077.72 556016.65 27.24
209077.72 555926.65 26.52
209077.72 555836.65 26.37
209077.72 555746.65 27.19
209077.72 555656.65 28.34
209077.72 555566.65 29.25
209077.72 555476.65 30.04
209077.72 555386.65 30.23
209077.72 555296.65 31.20
209077.72 555206.65 34.56
209077.72 555116.65 38.67
209077.72 555026.65 37.80
209077.72 554936.65 39.14
209077.72 554846.65 43.02
209077.72 554756.65 43.56
209077.72 554666.65 44.41
209077.72 554576.65 47.32
209077.72 554486.65 54.84
209077.72 554396.65 66.02
209077.72 554306.65 82.45
209077.72 554216.65 92.45
209077.72 554126.65 106.15
209077.72 554036.65 127.22
209077.72 553946.65 144.69
209077.72 553856.65 161.29
209077.72 553766.65 178.98
209077.72 553676.65 200.50
209077.72 553586.65 222.99
209077.72 553496.65 238.14
209077.72 553406.65 232.42
209077.72 553316.65 215.77
209077.72 553226.65 209.52
209077.72 553136.65 209.85
209077.72 553046.65 218.56
209077.72 552956.65 233.56
209077.72 552866.65 225.74
209077.72 552776.65 221.01
209077.72 552686.65 226.54
209077.72 552596.65 228.16
209077.72 552506.65 235.26
209077.72 552416.65 248.17
209077.72 552326.65 259.56
209077.72 552236.65 263.25
209167.72 558266.65 64.40
209167.72 558176.65 68.62
209167.72 558086.65 63.40
209167.72 557996.65 62.69
209167.72 557906.65 64.14
209167.72 557816.65 58.53
209167.72 557726.65 50.81
209167.72 557636.65 45.17
209167.72 557546.65 41.18
209167.72 557456.65 40.30
209167.72 557366.65 38.94
209167.72 557276.65 35.21
209167.72 557186.65 32.09
209167.72 557096.65 32.82
209167.72 557006.65 34.38
209167.72 556916.65 36.92
209167.72 556826.65 42.96
209167.72 556736.65 45.60
209167.72 556646.65 49.37
209167.72 556556.65 57.60
209167.72 556466.65 59.90
209167.72 556376.65 51.59
209167.72 556286.65 41.70
209167.72 556196.65 33.77
209167.72 556106.65 29.14
209167.72 556016.65 28.59
209167.72 555926.65 30.96
209167.72 555836.65 32.62
209167.72 555746.65 30.69
209167.72 555656.65 29.66
209167.72 555566.65 30.90
209167.72 555476.65 32.41
209167.72 555386.65 35.54
209167.72 555296.65 36.78
209167.72 555206.65 36.35
209167.72 555116.65 39.84
209167.72 555026.65 43.25
209167.72 554936.65 45.67
209167.72 554846.65 54.08
209167.72 554756.65 61.80
209167.72 554666.65 58.74
209167.72 554576.65 60.19
209167.72 554486.65 74.52
209167.72 554396.65 90.23
209167.72 554306.65 111.55
209167.72 554216.65 121.53
209167.72 554126.65 126.47
209167.72 554036.65 140.59
209167.72 553946.65 155.12
209167.72 553856.65 171.83
209167.72 553766.65 190.23
209167.72 553676.65 211.44
209167.72 553586.65 236.39
209167.72 553496.65 241.19
209167.72 553406.65 222.36
209167.72 553316.65 199.99
209167.72 553226.65 186.42
209167.72 553136.65 175.20
209167.72 553046.65 185.81
209167.72 552956.65 200.39
209167.72 552866.65 184.41
209167.72 552776.65 180.23
209167.72 552686.65 192.72
209167.72 552596.65 213.15
209167.72 552506.65 246.85
209167.72 552416.65 268.95
209167.72 552326.65 271.07
209257.72 558266.65 63.34
209257.72 558176.65 61.12
209257.72 558086.65 56.88
209257.72 557996.65 58.59
209257.72 557906.65 61.76
209257.72 557816.65 57.90
209257.72 557726.65 51.65
209257.72 557636.65 45.99
209257.72 557546.65 40.76
209257.72 557456.65 38.40
209257.72 557366.65 36.68
209257.72 557276.65 36.04
209257.72 557186.65 33.57
209257.72 557096.65 32.64
209257.72 557006.65 34.24
209257.72 556916.65 34.89
209257.72 556826.65 37.08
209257.72 556736.65 38.97
209257.72 556646.65 42.46
209257.72 556556.65 45.97
209257.72 556466.65 45.78
209257.72 556376.65 42.55
209257.72 556286.65 35.26
209257.72 556196.65 30.09
209257.72 556106.65 29.21
209257.72 556016.65 28.83
209257.72 555926.65 32.56
209257.72 555836.65 35.90
209257.72 555746.65 33.59
209257.72 555656.65 31.47
209257.72 555566.65 32.69
209257.72 555476.65 35.58
209257.72 555386.65 38.81
209257.72 555296.65 42.66
209257.72 555206.65 46.11
209257.72 555116.65 50.61
209257.72 555026.65 55.40
209257.72 554936.65 60.89
209257.72 554846.65 69.74
209257.72 554756.65 84.09
209257.72 554666.65 87.10
209257.72 554576.65 85.39
209257.72 554486.65 97.22
209257.72 554396.65 115.94
209257.72 554306.65 139.31
209257.72 554216.65 148.57
209257.72 554126.65 148.28
209257.72 554036.65 155.42
209257.72 553946.65 166.49
209257.72 553856.65 181.40
209257.72 553766.65 201.04
209257.72 553676.65 224.76
209257.72 553586.65 243.52
209257.72 553496.65 236.46
209257.72 553406.65 210.22
209257.72 553316.65 183.12
209257.72 553226.65 162.31
209257.72 553136.65 148.24
209257.72 553046.65 158.70
209257.72 552956.65 168.21
209257.72 552866.65 160.42
209257.72 552776.65 173.39
209257.72 552686.65 194.51
209257.72 552596.65 221.65
209257.72 552506.65 245.31
209347.72 558266.65 54.71
209347.72 558176.65 54.35
209347.72 558086.65 55.61
209347.72 557996.65 58.83
209347.72 557906.65 60.75
209347.72 557816.65 59.57
209347.72 557726.65 55.96
209347.72 557636.65 48.90
209347.72 557546.65 41.95
209347.72 557456.65 38.17
209347.72 557366.65 36.47
209347.72 557276.65 34.74
209347.72 557186.65 32.45
209347.72 557096.65 32.85
209347.72 557006.65 34.43
209347.72 556916.65 34.75
209347.72 556826.65 34.85
209347.72 556736.65 36.06
209347.72 556646.65 38.56
209347.72 556556.65 40.86
209347.72 556466.65 43.35
209347.72 556376.65 39.82
209347.72 556286.65 32.65
209347.72 556196.65 30.57
209347.72 556106.65 31.45
209347.72 556016.65 32.35
209347.72 555926.65 36.05
209347.72 555836.65 40.30
209347.72 555746.65 37.53
209347.72 555656.65 34.63
209347.72 555566.65 37.54
209347.72 555476.65 39.63
209347.72 555386.65 43.10
209347.72 555296.65 52.41
209347.72 555206.65 61.39
209347.72 555116.65 68.86
209347.72 555026.65 72.73
209347.72 554936.65 78.17
209347.72 554846.65 95.73
209347.72 554756.65 105.44
209347.72 554666.65 102.57
209347.72 554576.65 103.82
209347.72 554486.65 115.81
209347.72 554396.65 138.50
209347.72 554306.65 159.25
209347.72 554216.65 166.27
209347.72 554126.65 166.98
209347.72 554036.65 171.28
209347.72 553946.65 180.11
209347.72 553856.65 193.37
209347.72 553766.65 213.56
209347.72 553676.65 240.98
209347.72 553586.65 249.16
209347.72 553496.65 233.38
209347.72 553406.65 207.37
209347.72 553316.65 181.02
209347.72 553226.65 152.66
209347.72 553136.65 127.69
209347.72 553046.65 134.56
209347.72 552956.65 139.01
209347.72 552866.65 141.07
209347.72 552776.65 162.65
209347.72 552686.65 195.70
209347.72 552596.65 228.67
209437.72 558266.65 52.73
209437.72 558176.65 53.81
209437.72 558086.65 56.65
209437.72 557996.65 61.70
209437.72 557906.65 67.80
209437.72 557816.65 66.55
209437.72 557726.65 60.06
209437.72 557636.65 53.79
209437.72 557546.65 46.78
209437.72 557456.65 41.29
209437.72 557366.65 35.90
209437.72 557276.65 33.37
209437.72 557186.65 33.24
209437.72 557096.65 33.40
209437.72 557006.65 34.50
209437.72 556916.65 34.97
209437.72 556826.65 35.05
209437.72 556736.65 36.14
209437.72 556646.65 37.89
209437.72 556556.65 41.20
209437.72 556466.65 44.35
209437.72 556376.65 40.01
209437.72 556286.65 33.44
209437.72 556196.65 31.91
209437.72 556106.65 32.47
209437.72 556016.65 33.43
209437.72 555926.65 37.03
209437.72 555836.65 42.22
209437.72 555746.65 40.25
209437.72 555656.65 39.99
209437.72 555566.65 50.00
209437.72 555476.65 54.52
209437.72 555386.65 52.43
209437.72 555296.65 62.12
209437.72 555206.65 78.01
209437.72 555116.65 89.86
209437.72 555026.65 94.12
209437.72 554936.65 101.17
209437.72 554846.65 111.83
209437.72 554756.65 114.00
209437.72 554666.65 114.92
209437.72 554576.65 122.39
209437.72 554486.65 138.45
209437.72 554396.65 160.96
209437.72 554306.65 177.77
209437.72 554216.65 183.74
209437.72 554126.65 185.64
209437.72 554036.65 189.44
209437.72 553946.65 197.55
209437.72 553856.65 210.40
209437.72 553766.65 232.16
209437.72 553676.65 255.99
209437.72 553586.65 257.16
209437.72 553496.65 242.43
209437.72 553406.65 219.31
209437.72 553316.65 190.23
209437.72 553226.65 156.74
209437.72 553136.65 122.68
209437.72 553046.65 111.75
209437.72 552956.65 109.36
209437.72 552866.65 134.98
209437.72 552776.65 179.28
209527.72 558356.65 49.25
209527.72 558266.65 51.78
209527.72 558176.65 57.08
209527.72 558086.65 66.84
209527.72 557996.65 79.09
209527.72 557906.65 92.77
209527.72 557816.65 90.13
209527.72 557726.65 75.42
209527.72 557636.65 61.48
209527.72 557546.65 49.79
209527.72 557456.65 47.30
209527.72 557366.65 45.06
209527.72 557276.65 42.44
209527.72 557186.65 40.49
209527.72 557096.65 37.84
209527.72 557006.65 36.04
209527.72 556916.65 38.72
209527.72 556826.65 40.71
209527.72 556736.65 41.69
209527.72 556646.65 44.58
209527.72 556556.65 47.54
209527.72 556466.65 44.79
209527.72 556376.65 39.08
209527.72 556286.65 37.76
209527.72 556196.65 36.43
209527.72 556106.65 34.84
209527.72 556016.65 34.61
209527.72 555926.65 36.02
209527.72 555836.65 39.20
209527.72 555746.65 43.04
209527.72 555656.65 47.13
209527.72 555566.65 59.48
209527.72 555476.65 76.77
209527.72 555386.65 86.50
209527.72 555296.65 90.66
209527.72 555206.65 92.84
209527.72 555116.65 98.26
209527.72 555026.65 112.34
209527.72 554936.65 128.54
209527.72 554846.65 140.30
209527.72 554756.65 148.46
209527.72 554666.65 157.11
209527.72 554576.65 167.08
209527.72 554486.65 181.44
209527.72 554396.65 198.72
209527.72 554306.65 213.21
209527.72 554216.65 217.78
209527.72 554126.65 217.80
209527.72 554036.65 222.01
209527.72 553946.65 231.42
209527.72 553856.65 243.66
209527.72 553766.65 256.82
209527.72 553676.65 255.63
209527.72 553586.65 233.08
209527.72 553496.65 215.65
209527.72 553406.65 207.60
209527.72 553316.65 190.97
209527.72 553226.65 160.91
209527.72 553136.65 126.05
209527.72 553046.65 96.86
209527.72 552956.65 84.92
209527.72 552866.65 117.44
209617.72 558356.65 48.24
209617.72 558266.65 51.03
209617.72 558176.65 60.30
209617.72 558086.65 78.11
209617.72 557996.65 101.61
209617.72 557906.65 110.49
209617.72 557816.65 91.41
209617.72 557726.65 69.52
209617.72 557636.65 56.78
209617.72 557546.65 49.96
209617.72 557456.65 50.27
209617.72 557366.65 49.16
209617.72 557276.65 45.87
209617.72 557186.65 43.13
209617.72 557096.65 40.58
209617.72 557006.65 37.19
209617.72 556916.65 37.82
209617.72 556826.65 41.89
209617.72 556736.65 41.82
209617.72 556646.65 42.94
209617.72 556556.65 49.27
209617.72 556466.65 46.11
209617.72 556376.65 39.27
209617.72 556286.65 40.37
209617.72 556196.65 39.39
209617.72 556106.65 38.55
209617.72 556016.65 38.27
209617.72 555926.65 37.04
209617.72 555836.65 38.65
209617.72 555746.65 45.31
209617.72 555656.65 59.31
209617.72 555566.65 79.20
209617.72 555476.65 93.48
209617.72 555386.65 100.18
209617.72 555296.65 110.04
209617.72 555206.65 114.73
209617.72 555116.65 118.29
209617.72 555026.65 134.52
209617.72 554936.65 151.86
209617.72 554846.65 165.23
209617.72 554756.65 178.47
209617.72 554666.65 190.76
209617.72 554576.65 200.12
209617.72 554486.65 212.78
209617.72 554396.65 228.67
209617.72 554306.65 238.60
209617.72 554216.65 241.16
209617.72 554126.65 240.80
209617.72 554036.65 240.80
209617.72 553946.65 243.43
209617.72 553856.65 246.24
209617.72 553766.65 248.35
209617.72 553676.65 246.64
209617.72 553586.65 222.50
209617.72 553496.65 196.26
209617.72 553406.65 185.52
209617.72 553316.65 176.64
209617.72 553226.65 161.22
209617.72 553136.65 133.34
209617.72 553046.65 101.60
209707.72 558356.65 48.20
209707.72 558266.65 52.80
209707.72 558176.65 62.87
209707.72 558086.65 81.69
209707.72 557996.65 107.91
209707.72 557906.65 110.57
209707.72 557816.65 86.50
209707.72 557726.65 67.06
209707.72 557636.65 57.39
209707.72 557546.65 53.46
209707.72 557456.65 52.98
209707.72 557366.65 52.12
209707.72 557276.65 49.03
209707.72 557186.65 46.06
209707.72 557096.65 43.93
209707.72 557006.65 38.81
209707.72 556916.65 35.61
209707.72 556826.65 36.67
209707.72 556736.65 36.42
209707.72 556646.65 39.24
209707.72 556556.65 45.70
209707.72 556466.65 45.08
209707.72 556376.65 41.69
209707.72 556286.65 43.60
209707.72 556196.65 44.90
209707.72 556106.65 44.17
209707.72 556016.65 46.39
209707.72 555926.65 44.46
209707.72 555836.65 40.37
209707.72 555746.65 46.25
209707.72 555656.65 58.36
209707.72 555566.65 73.33
209707.72 555476.65 83.22
209707.72 555386.65 96.52
209707.72 555296.65 113.58
209707.72 555206.65 124.05
209707.72 555116.65 136.59
209707.72 555026.65 157.60
209707.72 554936.65 179.11
209707.72 554846.65 197.55
209707.72 554756.65 214.85
209707.72 554666.65 223.40
209707.72 554576.65 226.87
209707.72 554486.65 237.17
209707.72 554396.65 245.97
209707.72 554306.65 244.19
209707.72 554216.65 236.68
209707.72 554126.65 232.74
209707.72 554036.65 226.54
209707.72 553946.65 222.64
209707.72 553856.65 223.89
209707.72 553766.65 223.92
209707.72 553676.65 221.79
209707.72 553586.65 214.57
209707.72 553496.65 196.56
209707.72 553406.65 174.89
209707.72 553316.65 158.82
209707.72 553226.65 142.76
209797.72 558356.65 50.04
209797.72 558266.65 55.19
209797.72 558176.65 67.29
209797.72 558086.65 82.68
209797.72 557996.65 97.69
209797.72 557906.65 101.88
209797.72 557816.65 85.53
209797.72 557726.65 65.77
209797.72 557636.65 57.61
209797.72 557546.65 56.39
209797.72 557456.65 56.39
209797.72 557366.65 56.17
209797.72 557276.65 53.22
209797.72 557186.65 50.40
209797.72 557096.65 46.48
209797.72 557006.65 42.49
209797.72 556916.65 38.25
209797.72 556826.65 35.20
209797.72 556736.65 35.14
209797.72 556646.65 37.82
209797.72 556556.65 42.80
209797.72 556466.65 48.46
209797.72 556376.65 53.31
209797.72 556286.65 56.70
209797.72 556196.65 59.96
209797.72 556106.65 61.25
209797.72 556016.65 58.49
209797.72 555926.65 55.45
209797.72 555836.65 50.29
209797.72 555746.65 51.51
209797.72 555656.65 61.50
209797.72 555566.65 68.32
209797.72 555476.65 74.64
209797.72 555386.65 89.52
209797.72 555296.65 106.33
209797.72 555206.65 122.57
209797.72 555116.65 141.18
209797.72 555026.65 174.50
209797.72 554936.65 209.67
209797.72 554846.65 230.03
209797.72 554756.65 248.49
209797.72 554666.65 255.76
209797.72 554576.65 252.00
209797.72 554486.65 246.53
209797.72 554396.65 239.38
209797.72 554306.65 226.48
209797.72 554216.65 215.55
209797.72 554126.65 216.52
209797.72 554036.65 209.22
209797.72 553946.65 198.19
209797.72 553856.65 198.24
209797.72 553766.65 200.02
209797.72 553676.65 196.55
209797.72 553586.65 195.50
209797.72 553496.65 192.89
209797.72 553406.65 178.32
209797.72 553316.65 157.71
209887.72 558356.65 55.59
209887.72 558266.65 63.21
209887.72 558176.65 78.47
209887.72 558086.65 86.55
209887.72 557996.65 84.78
209887.72 557906.65 92.65
209887.72 557816.65 86.66
209887.72 557726.65 71.78
209887.72 557636.65 66.41
209887.72 557546.65 68.98
209887.72 557456.65 66.94
209887.72 557366.65 59.48
209887.72 557276.65 57.04
209887.72 557186.65 53.08
209887.72 557096.65 47.17
209887.72 557006.65 41.37
209887.72 556916.65 40.52
209887.72 556826.65 38.65
209887.72 556736.65 37.49
209887.72 556646.65 40.28
209887.72 556556.65 41.99
209887.72 556466.65 45.98
209887.72 556376.65 50.30
209887.72 556286.65 52.72
209887.72 556196.65 55.99
209887.72 556106.65 65.42
209887.72 556016.65 72.10
209887.72 555926.65 70.42
209887.72 555836.65 69.79
209887.72 555746.65 67.94
209887.72 555656.65 71.96
209887.72 555566.65 83.04
209887.72 555476.65 84.20
209887.72 555386.65 89.54
209887.72 555296.65 107.56
209887.72 555206.65 127.73
209887.72 555116.65 149.49
209887.72 555026.65 196.96
209887.72 554936.65 241.98
209887.72 554846.65 254.69
209887.72 554756.65 265.86
209887.72 554666.65 267.88
209887.72 554576.65 250.77
209887.72 554486.65 233.13
209887.72 554396.65 222.23
209887.72 554306.65 206.42
209887.72 554216.65 196.71
209887.72 554126.65 203.84
209887.72 554036.65 195.23
209887.72 553946.65 178.66
209887.72 553856.65 176.43
209887.72 553766.65 179.92
209887.72 553676.65 178.71
209887.72 553586.65 179.45
209887.72 553496.65 193.09
209977.72 558356.65 57.68
209977.72 558266.65 66.39
209977.72 558176.65 73.86
209977.72 558086.65 72.39
209977.72 557996.65 72.11
209977.72 557906.65 85.62
209977.72 557816.65 93.67
209977.72 557726.65 89.25
209977.72 557636.65 89.97
209977.72 557546.65 89.47
209977.72 557456.65 82.48
209977.72 557366.65 75.14
209977.72 557276.65 66.60
209977.72 557186.65 56.12
209977.72 557096.65 49.33
209977.72 557006.65 45.80
209977.72 556916.65 43.46
209977.72 556826.65 41.19
209977.72 556736.65 42.08
209977.72 556646.65 43.97
209977.72 556556.65 45.25
209977.72 556466.65 47.07
209977.72 556376.65 47.77
209977.72 556286.65 50.54
209977.72 556196.65 54.19
209977.72 556106.65 60.35
209977.72 556016.65 70.91
209977.72 555926.65 82.20
209977.72 555836.65 82.99
209977.72 555746.65 81.26
209977.72 555656.65 93.59
209977.72 555566.65 101.98
209977.72 555476.65 97.24
209977.72 555386.65 101.28
209977.72 555296.65 117.26
209977.72 555206.65 137.54
209977.72 555116.65 166.17
209977.72 555026.65 218.09
209977.72 554936.65 259.67
209977.72 554846.65 262.35
209977.72 554756.65 257.86
209977.72 554666.65 249.90
209977.72 554576.65 240.01
209977.72 554486.65 226.37
209977.72 554396.65 208.08
209977.72 554306.65 187.74
209977.72 554216.65 176.29
209977.72 554126.65 181.59
209977.72 554036.65 174.40
209977.72 553946.65 158.62
209977.72 553856.65 157.22
209977.72 553766.65 161.01
209977.72 553676.65 160.70
209977.72 553586.65 168.28
210067.72 558266.65 60.46
210067.72 558176.65 60.79
210067.72 558086.65 67.07
210067.72 557996.65 75.20
210067.72 557906.65 95.51
210067.72 557816.65 115.02
210067.72 557726.65 117.47
210067.72 557636.65 120.55
210067.72 557546.65 113.08
210067.72 557456.65 104.61
210067.72 557366.65 96.60
210067.72 557276.65 83.55
210067.72 557186.65 73.06
210067.72 557096.65 62.31
210067.72 557006.65 54.24
210067.72 556916.65 48.85
210067.72 556826.65 49.21
210067.72 556736.65 50.39
210067.72 556646.65 50.31
210067.72 556556.65 52.54
210067.72 556466.65 54.15
210067.72 556376.65 54.01
210067.72 556286.65 56.15
210067.72 556196.65 59.62
210067.72 556106.65 63.74
210067.72 556016.65 71.21
210067.72 555926.65 85.83
210067.72 555836.65 90.51
210067.72 555746.65 95.64
210067.72 555656.65 105.31
210067.72 555566.65 112.34
210067.72 555476.65 115.40
210067.72 555386.65 118.21
210067.72 555296.65 135.90
210067.72 555206.65 154.20
210067.72 555116.65 174.96
210067.72 555026.65 214.12
210067.72 554936.65 245.74
210067.72 554846.65 245.28
210067.72 554756.65 234.12
210067.72 554666.65 224.69
210067.72 554576.65 218.86
210067.72 554486.65 212.78
210067.72 554396.65 194.81
210067.72 554306.65 168.53
210067.72 554216.65 154.57
210067.72 554126.65 158.37
210067.72 554036.65 152.66
210067.72 553946.65 136.77
210067.72 553856.65 131.80
210067.72 553766.65 134.03
210157.72 558176.65 59.77
210157.72 558086.65 70.23
210157.72 557996.65 83.21
210157.72 557906.65 112.13
210157.72 557816.65 136.69
210157.72 557726.65 147.48
210157.72 557636.65 144.35
210157.72 557546.65 125.04
210157.72 557456.65 124.44
210157.72 557366.65 122.08
210157.72 557276.65 107.99
210157.72 557186.65 94.09
210157.72 557096.65 79.94
210157.72 557006.65 68.27
210157.72 556916.65 57.24
210157.72 556826.65 55.57
210157.72 556736.65 60.13
210157.72 556646.65 65.90
210157.72 556556.65 69.74
210157.72 556466.65 68.65
210157.72 556376.65 64.76
210157.72 556286.65 65.64
210157.72 556196.65 71.10
210157.72 556106.65 79.78
210157.72 556016.65 87.29
210157.72 555926.65 92.94
210157.72 555836.65 96.30
210157.72 555746.65 101.18
210157.72 555656.65 101.75
210157.72 555566.65 104.66
210157.72 555476.65 114.97
210157.72 555386.65 127.47
210157.72 555296.65 144.27
210157.72 555206.65 160.06
210157.72 555116.65 178.55
210157.72 555026.65 212.87
210157.72 554936.65 244.19
210157.72 554846.65 243.24
210157.72 554756.65 222.43
210157.72 554666.65 205.23
210157.72 554576.65 193.70
210157.72 554486.65 181.74
210157.72 554396.65 167.30
210157.72 554306.65 146.64
210157.72 554216.65 134.22
210157.72 554126.65 137.80
210157.72 554036.65 130.39
210157.72 553946.65 115.14
210157.72 553856.65 109.99
210247.72 558086.65 81.04
210247.72 557996.65 103.37
210247.72 557906.65 126.72
210247.72 557816.65 141.99
210247.72 557726.65 147.38
210247.72 557636.65 150.16
210247.72 557546.65 152.22
210247.72 557456.65 157.10
210247.72 557366.65 154.08
210247.72 557276.65 144.50
210247.72 557186.65 126.02
210247.72 557096.65 106.66
210247.72 557006.65 91.81
210247.72 556916.65 80.52
210247.72 556826.65 70.27
210247.72 556736.65 78.74
210247.72 556646.65 97.62
210247.72 556556.65 108.29
210247.72 556466.65 104.40
210247.72 556376.65 99.99
210247.72 556286.65 107.30
210247.72 556196.65 112.35
210247.72 556106.65 119.17
210247.72 556016.65 121.19
210247.72 555926.65 120.83
210247.72 555836.65 116.00
210247.72 555746.65 100.28
210247.72 555656.65 92.04
210247.72 555566.65 99.20
210247.72 555476.65 115.33
210247.72 555386.65 132.48
210247.72 555296.65 152.25
210247.72 555206.65 171.82
210247.72 555116.65 190.49
210247.72 555026.65 220.64
210247.72 554936.65 233.97
210247.72 554846.65 217.99
210247.72 554756.65 197.42
210247.72 554666.65 179.26
210247.72 554576.65 159.97
210247.72 554486.65 141.27
210247.72 554396.65 126.91
210247.72 554306.65 109.52
210247.72 554216.65 100.30
210247.72 554126.65 107.90
210247.72 554036.65 104.62
210337.72 557816.65 121.87
210337.72 557726.65 130.76
210337.72 557636.65 136.25
210337.72 557546.65 141.96
210337.72 557456.65 146.13
210337.72 557366.65 138.73
210337.72 557276.65 129.58
210337.72 557186.65 111.71
210337.72 557096.65 96.44
210337.72 557006.65 86.02
210337.72 556916.65 79.19
210337.72 556826.65 71.09
210337.72 556736.65 74.83
210337.72 556646.65 93.66
210337.72 556556.65 110.03
210337.72 556466.65 117.86
210337.72 556376.65 123.87
210337.72 556286.65 136.33
210337.72 556196.65 142.72
210337.72 556106.65 139.82
210337.72 556016.65 130.20
210337.72 555926.65 116.18
210337.72 555836.65 102.68
210337.72 555746.65 90.69
210337.72 555656.65 86.18
210337.72 555566.65 91.87
210337.72 555476.65 102.87
210337.72 555386.65 118.26
210337.72 555296.65 136.66
210337.72 555206.65 157.59
210337.72 555116.65 185.36
210337.72 555026.65 219.59
210337.72 554936.65 228.19
210337.72 554846.65 214.13
210337.72 554756.65 202.05
210337.72 554666.65 183.63
210337.72 554576.65 162.24
210337.72 554486.65 141.50
210337.72 554396.65 119.86
210337.72 554306.65 95.04
210337.72 554216.65 80.20
210337.72 554126.65 83.11
210427.72 557276.65 110.94
210427.72 557186.65 93.74
210427.72 557096.65 80.12
210427.72 557006.65 75.08
210427.72 556916.65 70.21
210427.72 556826.65 65.45
210427.72 556736.65 67.43
210427.72 556646.65 78.55
210427.72 556556.65 91.82
210427.72 556466.65 108.37
210427.72 556376.65 123.14
210427.72 556286.65 133.72
210427.72 556196.65 133.13
210427.72 556106.65 126.09
210427.72 556016.65 118.54
210427.72 555926.65 103.90
210427.72 555836.65 90.93
210427.72 555746.65 84.30
210427.72 555656.65 84.90
210427.72 555566.65 92.24
210427.72 555476.65 101.42
210427.72 555386.65 114.13
210427.72 555296.65 132.94
210427.72 555206.65 159.01
210427.72 555116.65 184.31
210427.72 555026.65 202.57
210427.72 554936.65 206.30
210427.72 554846.65 198.56
210427.72 554756.65 189.75
210427.72 554666.65 179.95
210427.72 554576.65 165.53
210427.72 554486.65 143.58
210427.72 554396.65 122.67
210427.72 554306.65 91.14
210517.72 556736.65 64.73
210517.72 556646.65 74.02
210517.72 556556.65 84.14
210517.72 556466.65 100.80
210517.72 556376.65 115.95
210517.72 556286.65 126.50
210517.72 556196.65 120.57
210517.72 556106.65 106.53
210517.72 556016.65 102.80
210517.72 555926.65 95.61
210517.72 555836.65 83.89
210517.72 555746.65 78.67
210517.72 555656.65 88.40
210517.72 555566.65 100.44
210517.72 555476.65 110.70
210517.72 555386.65 123.80
210517.72 555296.65 138.09
210517.72 555206.65 158.59
210517.72 555116.65 180.35
210517.72 555026.65 187.06
210517.72 554936.65 187.74
210517.72 554846.65 181.11
210517.72 554756.65 164.96
210517.72 554666.65 153.88
210517.72 554576.65 149.89
210517.72 554486.65 138.44
210517.72 554396.65 115.75
210607.72 556106.65 97.48
210607.72 556016.65 87.78
210607.72 555926.65 82.97
210607.72 555836.65 78.02
210607.72 555746.65 76.00
210607.72 555656.65 88.31
210607.72 555566.65 107.33
210607.72 555476.65 125.40
210607.72 555386.65 132.32
210607.72 555296.65 138.32
210607.72 555206.65 156.08
210607.72 555116.65 171.92
210607.72 555026.65 170.35
210607.72 554936.65 165.34
210607.72 554846.65 159.81
210607.72 554756.65 143.45
210607.72 554666.65 130.22
210607.72 554576.65 131.46
210697.72 555566.65 115.68
210697.72 555476.65 125.91
210697.72 555386.65 121.35
210697.72 555296.65 127.05
210697.72 555206.65 144.57
210697.72 555116.65 163.67
210697.72 555026.65 162.97
210697.72 554936.65 146.53
210697.72 554846.65 132.81
210697.72 554756.65 121.28
210697.72 554666.65 113.31
210787.72 555026.65 146.72
210787.72 554936.65 126.35
