190992.10 543010.91 11.51
190992.10 542920.91 16.71
190992.10 542830.91 18.95
190992.10 542740.91 19.38
191082.10 543190.91 11.94
191082.10 543100.91 15.24
191082.10 543010.91 12.52
191082.10 542920.91 13.45
191082.10 542830.91 14.26
191082.10 542740.91 15.52
191082.10 542650.91 15.38
191082.10 542560.91 15.83
191172.10 543190.91 12.11
191172.10 543100.91 12.71
191172.10 543010.91 12.10
191172.10 542920.91 14.23
191172.10 542830.91 15.16
191172.10 542740.91 14.36
191172.10 542650.91 14.25
191172.10 542560.91 14.82
191172.10 542470.91 16.93
191262.10 543280.91 12.18
191262.10 543190.91 11.98
191262.10 543100.91 12.05
191262.10 543010.91 11.89
191262.10 542920.91 12.35
191262.10 542830.91 16.86
191262.10 542740.91 14.17
191262.10 542650.91 14.42
191262.10 542560.91 15.46
191262.10 542470.91 18.11
191352.10 543370.91 12.17
191352.10 543280.91 12.34
191352.10 543190.91 12.34
191352.10 543100.91 13.61
191352.10 543010.91 12.46
191352.10 542920.91 12.71
191352.10 542830.91 16.50
191352.10 542740.91 14.02
191352.10 542650.91 16.23
191352.10 542560.91 22.09
191352.10 542470.91 26.06
191442.10 543460.91 12.02
191442.10 543370.91 11.90
191442.10 543280.91 12.27
191442.10 543190.91 12.57
191442.10 543100.91 13.65
191442.10 543010.91 13.71
191442.10 542920.91 14.06
191442.10 542830.91 16.97
191442.10 542740.91 14.44
191442.10 542650.91 14.90
191442.10 542560.91 17.15
191442.10 542470.91 24.00
191442.10 542380.91 28.16
191532.10 543550.91 12.66
191532.10 543460.91 12.26
191532.10 543370.91 12.38
191532.10 543280.91 12.67
191532.10 543190.91 12.79
191532.10 543100.91 12.95
191532.10 543010.91 13.28
191532.10 542920.91 13.62
191532.10 542830.91 15.50
191532.10 542740.91 14.54
191532.10 542650.91 14.84
191532.10 542560.91 15.32
191532.10 542470.91 17.71
191532.10 542380.91 21.06
191622.10 543640.91 14.88
191622.10 543550.91 13.52
191622.10 543460.91 12.49
191622.10 543370.91 13.26
191622.10 543280.91 12.65
191622.10 543190.91 12.87
191622.10 543100.91 13.36
191622.10 543010.91 13.51
191622.10 542920.91 13.79
191622.10 542830.91 16.44
191622.10 542740.91 14.53
191622.10 542650.91 15.50
191622.10 542560.91 16.62
191622.10 542470.91 16.93
191712.10 543730.91 20.93
191712.10 543640.91 15.96
191712.10 543550.91 13.90
191712.10 543460.91 13.46
191712.10 543370.91 13.21
191712.10 543280.91 13.27
191712.10 543190.91 13.57
191712.10 543100.91 13.76
191712.10 543010.91 13.48
191712.10 542920.91 13.89
191712.10 542830.91 12.73
191712.10 542740.91 15.05
191712.10 542650.91 15.88
191712.10 542560.91 18.44
191712.10 542470.91 19.43
191802.10 543820.91 21.60
191802.10 543730.91 23.02
191802.10 543640.91 16.14
191802.10 543550.91 14.80
191802.10 543460.91 14.72
191802.10 543370.91 17.56
191802.10 543280.91 17.61
191802.10 543190.91 13.88
191802.10 543100.91 13.63
191802.10 543010.91 13.59
191802.10 542920.91 14.09
191802.10 542830.91 13.52
191802.10 542740.91 14.86
191802.10 542650.91 16.00
191802.10 542560.91 18.26
191892.10 543910.91 18.60
191892.10 543820.91 19.41
191892.10 543730.91 19.23
191892.10 543640.91 16.81
191892.10 543550.91 15.47
191892.10 543460.91 16.75
191892.10 543370.91 18.75
191892.10 543280.91 16.72
191892.10 543190.91 13.96
191892.10 543100.91 13.67
191892.10 543010.91 13.71
191892.10 542920.91 13.64
191892.10 542830.91 15.05
191892.10 542740.91 14.89
191892.10 542650.91 16.14
191892.10 542560.91 18.92
191982.10 544000.91 22.15
191982.10 543910.91 22.44
191982.10 543820.91 25.11
191982.10 543730.91 18.38
191982.10 543640.91 17.41
191982.10 543550.91 16.77
191982.10 543460.91 19.62
191982.10 543370.91 20.89
191982.10 543280.91 16.56
191982.10 543190.91 14.04
191982.10 543100.91 13.91
191982.10 543010.91 13.83
191982.10 542920.91 12.45
191982.10 542830.91 14.99
191982.10 542740.91 15.18
191982.10 542650.91 16.20
192072.10 544090.91 20.00
192072.10 544000.91 22.94
192072.10 543910.91 22.66
192072.10 543820.91 22.19
192072.10 543730.91 20.42
192072.10 543640.91 21.34
192072.10 543550.91 21.45
192072.10 543460.91 24.99
192072.10 543370.91 29.10
192072.10 543280.91 22.95
192072.10 543190.91 14.30
192072.10 543100.91 13.89
192072.10 543010.91 15.13
192072.10 542920.91 14.36
192072.10 542830.91 15.24
192072.10 542740.91 16.36
192072.10 542650.91 16.64
192162.10 544180.91 18.58
192162.10 544090.91 19.93
192162.10 544000.91 21.93
192162.10 543910.91 26.72
192162.10 543820.91 23.56
192162.10 543730.91 22.06
192162.10 543640.91 22.49
192162.10 543550.91 23.44
192162.10 543460.91 39.54
192162.10 543370.91 38.73
192162.10 543280.91 28.17
192162.10 543190.91 15.71
192162.10 543100.91 13.95
192162.10 543010.91 12.88
192162.10 542920.91 15.32
192162.10 542830.91 15.25
192162.10 542740.91 16.46
192252.10 544270.91 16.84
192252.10 544180.91 17.60
192252.10 544090.91 20.81
192252.10 544000.91 24.07
192252.10 543910.91 27.68
192252.10 543820.91 28.91
192252.10 543730.91 27.34
192252.10 543640.91 24.69
192252.10 543550.91 33.61
192252.10 543460.91 44.64
192252.10 543370.91 28.90
192252.10 543280.91 19.55
192252.10 543190.91 16.46
192252.10 543100.91 16.41
192252.10 543010.91 15.31
192252.10 542920.91 15.86
192252.10 542830.91 15.30
192252.10 542740.91 16.46
192342.10 544360.91 16.83
192342.10 544270.91 16.38
192342.10 544180.91 16.85
192342.10 544090.91 19.87
192342.10 544000.91 23.25
192342.10 543910.91 25.62
192342.10 543820.91 28.14
192342.10 543730.91 29.33
192342.10 543640.91 34.81
192342.10 543550.91 37.73
192342.10 543460.91 42.94
192342.10 543370.91 26.26
192342.10 543280.91 17.30
192342.10 543190.91 14.02
192342.10 543100.91 16.22
192342.10 543010.91 15.65
192342.10 542920.91 15.74
192342.10 542830.91 15.63
192432.10 544450.91 16.86
192432.10 544360.91 17.27
192432.10 544270.91 16.85
192432.10 544180.91 16.62
192432.10 544090.91 19.44
192432.10 544000.91 21.41
192432.10 543910.91 25.68
192432.10 543820.91 25.72
192432.10 543730.91 28.39
192432.10 543640.91 31.60
192432.10 543550.91 34.27
192432.10 543460.91 36.77
192432.10 543370.91 24.53
192432.10 543280.91 13.88
192432.10 543190.91 15.81
192432.10 543100.91 15.66
192432.10 543010.91 15.66
192432.10 542920.91 15.56
192432.10 542830.91 15.48
192522.10 544630.91 23.06
192522.10 544540.91 19.69
192522.10 544450.91 17.22
192522.10 544360.91 17.43
192522.10 544270.91 17.72
192522.10 544180.91 17.06
192522.10 544090.91 18.55
192522.10 544000.91 21.11
192522.10 543910.91 24.79
192522.10 543820.91 25.01
192522.10 543730.91 29.30
192522.10 543640.91 29.91
192522.10 543550.91 26.78
192522.10 543460.91 20.32
192522.10 543370.91 18.37
192522.10 543280.91 16.39
192522.10 543190.91 15.82
192522.10 543100.91 15.69
192522.10 543010.91 15.66
192522.10 542920.91 15.59
192612.10 544900.91 26.28
192612.10 544810.91 24.62
192612.10 544720.91 21.47
192612.10 544630.91 19.69
192612.10 544540.91 17.99
192612.10 544450.91 17.15
192612.10 544360.91 17.48
192612.10 544270.91 17.98
192612.10 544180.91 19.19
192612.10 544090.91 23.67
192612.10 544000.91 25.55
192612.10 543910.91 27.91
192612.10 543820.91 30.16
192612.10 543730.91 31.03
192612.10 543640.91 21.82
192612.10 543550.91 17.72
192612.10 543460.91 17.06
192612.10 543370.91 14.68
192612.10 543280.91 16.37
192612.10 543190.91 15.73
192612.10 543100.91 15.65
192612.10 543010.91 15.75
192612.10 542920.91 15.50
192702.10 545170.91 37.00
192702.10 545080.91 40.15
192702.10 544990.91 38.07
192702.10 544900.91 23.74
192702.10 544810.91 21.28
192702.10 544720.91 19.50
192702.10 544630.91 17.98
192702.10 544540.91 17.62
192702.10 544450.91 17.73
192702.10 544360.91 17.39
192702.10 544270.91 17.96
192702.10 544180.91 20.87
192702.10 544090.91 22.14
192702.10 544000.91 25.99
192702.10 543910.91 29.11
192702.10 543820.91 30.08
192702.10 543730.91 25.46
192702.10 543640.91 17.98
192702.10 543550.91 16.77
192702.10 543460.91 17.37
192702.10 543370.91 16.87
192702.10 543280.91 16.35
192702.10 543190.91 15.90
192702.10 543100.91 15.97
192702.10 543010.91 15.95
192792.10 545530.91 20.94
192792.10 545440.91 25.27
192792.10 545350.91 26.68
192792.10 545260.91 33.59
192792.10 545170.91 36.66
192792.10 545080.91 39.88
192792.10 544990.91 37.53
192792.10 544900.91 23.99
192792.10 544810.91 24.52
192792.10 544720.91 23.78
192792.10 544630.91 18.04
192792.10 544540.91 17.74
192792.10 544450.91 18.07
192792.10 544360.91 18.78
192792.10 544270.91 18.58
192792.10 544180.91 20.64
192792.10 544090.91 22.00
192792.10 544000.91 24.83
192792.10 543910.91 26.18
192792.10 543820.91 23.20
192792.10 543730.91 18.97
192792.10 543640.91 17.41
192792.10 543550.91 16.65
192792.10 543460.91 18.55
192792.10 543370.91 17.72
192792.10 543280.91 17.68
192792.10 543190.91 17.21
192792.10 543100.91 16.96
192792.10 543010.91 16.74
192882.10 545800.91 16.88
192882.10 545710.91 19.83
192882.10 545620.91 19.27
192882.10 545530.91 21.40
192882.10 545440.91 23.82
192882.10 545350.91 26.55
192882.10 545260.91 32.13
192882.10 545170.91 38.93
192882.10 545080.91 39.93
192882.10 544990.91 35.72
192882.10 544900.91 26.67
192882.10 544810.91 25.76
192882.10 544720.91 23.61
192882.10 544630.91 18.01
192882.10 544540.91 17.99
192882.10 544450.91 18.43
192882.10 544360.91 18.58
192882.10 544270.91 19.26
192882.10 544180.91 20.84
192882.10 544090.91 31.33
192882.10 544000.91 31.05
192882.10 543910.91 26.68
192882.10 543820.91 22.15
192882.10 543730.91 17.86
192882.10 543640.91 17.38
192882.10 543550.91 16.85
192882.10 543460.91 18.63
192882.10 543370.91 14.71
192882.10 543280.91 19.75
192882.10 543190.91 21.37
192882.10 543100.91 20.35
192972.10 546070.91 13.34
192972.10 545980.91 14.06
192972.10 545890.91 14.32
192972.10 545800.91 18.45
192972.10 545710.91 22.61
192972.10 545620.91 23.50
192972.10 545530.91 28.86
192972.10 545440.91 32.39
192972.10 545350.91 35.37
192972.10 545260.91 31.42
192972.10 545170.91 36.71
192972.10 545080.91 32.64
192972.10 544990.91 28.73
192972.10 544900.91 23.39
192972.10 544810.91 22.41
192972.10 544720.91 21.78
192972.10 544630.91 18.94
192972.10 544540.91 18.76
192972.10 544450.91 18.77
192972.10 544360.91 18.84
192972.10 544270.91 20.07
192972.10 544180.91 24.86
192972.10 544090.91 27.52
192972.10 544000.91 35.44
192972.10 543910.91 38.78
192972.10 543820.91 24.05
192972.10 543730.91 20.28
192972.10 543640.91 17.80
192972.10 543550.91 17.57
192972.10 543460.91 19.33
192972.10 543370.91 17.99
192972.10 543280.91 16.40
192972.10 543190.91 20.65
192972.10 543100.91 21.43
193062.10 546340.91 11.88
193062.10 546250.91 15.24
193062.10 546160.91 14.78
193062.10 546070.91 13.33
193062.10 545980.91 13.89
193062.10 545890.91 14.63
193062.10 545800.91 16.49
193062.10 545710.91 18.30
193062.10 545620.91 21.58
193062.10 545530.91 26.67
193062.10 545440.91 31.26
193062.10 545350.91 33.28
193062.10 545260.91 34.11
193062.10 545170.91 33.13
193062.10 545080.91 29.93
193062.10 544990.91 27.76
193062.10 544900.91 25.39
193062.10 544810.91 24.95
193062.10 544720.91 23.94
193062.10 544630.91 19.52
193062.10 544540.91 19.20
193062.10 544450.91 19.14
193062.10 544360.91 19.03
193062.10 544270.91 20.28
193062.10 544180.91 31.90
193062.10 544090.91 27.70
193062.10 544000.91 32.68
193062.10 543910.91 47.41
193062.10 543820.91 29.54
193062.10 543730.91 21.04
193062.10 543640.91 19.17
193062.10 543550.91 17.99
193062.10 543460.91 19.25
193062.10 543370.91 18.48
193062.10 543280.91 17.94
193062.10 543190.91 17.15
193152.10 546520.91 13.86
193152.10 546430.91 5.59
193152.10 546340.91 8.68
193152.10 546250.91 16.45
193152.10 546160.91 20.36
193152.10 546070.91 16.68
193152.10 545980.91 14.52
193152.10 545890.91 15.19
193152.10 545800.91 17.90
193152.10 545710.91 18.02
193152.10 545620.91 23.15
193152.10 545530.91 25.66
193152.10 545440.91 26.25
193152.10 545350.91 27.41
193152.10 545260.91 33.38
193152.10 545170.91 34.73
193152.10 545080.91 33.95
193152.10 544990.91 32.30
193152.10 544900.91 29.82
193152.10 544810.91 24.48
193152.10 544720.91 22.74
193152.10 544630.91 20.92
193152.10 544540.91 19.91
193152.10 544450.91 19.45
193152.10 544360.91 19.36
193152.10 544270.91 20.89
193152.10 544180.91 32.68
193152.10 544090.91 36.96
193152.10 544000.91 33.12
193152.10 543910.91 39.45
193152.10 543820.91 31.80
193152.10 543730.91 22.28
193152.10 543640.91 20.61
193152.10 543550.91 19.93
193152.10 543460.91 19.38
193152.10 543370.91 18.65
193152.10 543280.91 18.72
193152.10 543190.91 18.58
193242.10 546610.91 13.50
193242.10 546520.91 13.89
193242.10 546430.91 7.80
193242.10 546340.91 8.55
193242.10 546250.91 13.16
193242.10 546160.91 23.63
193242.10 546070.91 20.19
193242.10 545980.91 14.60
193242.10 545890.91 15.99
193242.10 545800.91 18.57
193242.10 545710.91 20.46
193242.10 545620.91 20.89
193242.10 545530.91 23.48
193242.10 545440.91 30.37
193242.10 545350.91 32.86
193242.10 545260.91 36.33
193242.10 545170.91 36.93
193242.10 545080.91 37.46
193242.10 544990.91 31.66
193242.10 544900.91 26.42
193242.10 544810.91 23.70
193242.10 544720.91 22.69
193242.10 544630.91 21.92
193242.10 544540.91 20.56
193242.10 544450.91 20.02
193242.10 544360.91 20.06
193242.10 544270.91 22.06
193242.10 544180.91 32.98
193242.10 544090.91 39.55
193242.10 544000.91 42.60
193242.10 543910.91 32.58
193242.10 543820.91 29.72
193242.10 543730.91 22.19
193242.10 543640.91 21.20
193242.10 543550.91 20.49
193242.10 543460.91 19.70
193242.10 543370.91 19.45
193242.10 543280.91 18.94
193332.10 546610.91 14.49
193332.10 546520.91 14.28
193332.10 546430.91 14.20
193332.10 546340.91 5.62
193332.10 546250.91 9.40
193332.10 546160.91 17.71
193332.10 546070.91 18.80
193332.10 545980.91 17.83
193332.10 545890.91 14.62
193332.10 545800.91 14.74
193332.10 545710.91 18.01
193332.10 545620.91 23.49
193332.10 545530.91 26.88
193332.10 545440.91 31.82
193332.10 545350.91 37.14
193332.10 545260.91 40.54
193332.10 545170.91 40.93
193332.10 545080.91 40.32
193332.10 544990.91 31.24
193332.10 544900.91 25.83
193332.10 544810.91 27.27
193332.10 544720.91 26.69
193332.10 544630.91 24.51
193332.10 544540.91 21.68
193332.10 544450.91 20.57
193332.10 544360.91 21.45
193332.10 544270.91 22.07
193332.10 544180.91 28.26
193332.10 544090.91 37.15
193332.10 544000.91 44.80
193332.10 543910.91 42.71
193332.10 543820.91 46.44
193332.10 543730.91 24.67
193332.10 543640.91 21.66
193332.10 543550.91 21.11
193332.10 543460.91 20.05
193332.10 543370.91 20.07
193332.10 543280.91 19.20
193422.10 546700.91 13.76
193422.10 546610.91 13.91
193422.10 546520.91 15.13
193422.10 546430.91 15.23
193422.10 546340.91 5.30
193422.10 546250.91 7.86
193422.10 546160.91 13.13
193422.10 546070.91 16.38
193422.10 545980.91 18.92
193422.10 545890.91 13.71
193422.10 545800.91 15.78
193422.10 545710.91 17.89
193422.10 545620.91 27.92
193422.10 545530.91 35.70
193422.10 545440.91 36.45
193422.10 545350.91 39.23
193422.10 545260.91 41.57
193422.10 545170.91 40.07
193422.10 545080.91 35.53
193422.10 544990.91 30.74
193422.10 544900.91 28.83
193422.10 544810.91 29.41
193422.10 544720.91 28.53
193422.10 544630.91 24.23
193422.10 544540.91 22.29
193422.10 544450.91 21.26
193422.10 544360.91 22.11
193422.10 544270.91 22.59
193422.10 544180.91 35.11
193422.10 544090.91 40.69
193422.10 544000.91 48.50
193422.10 543910.91 47.48
193422.10 543820.91 44.43
193422.10 543730.91 28.98
193422.10 543640.91 22.32
193422.10 543550.91 23.10
193422.10 543460.91 21.25
193422.10 543370.91 20.67
193512.10 546700.91 13.21
193512.10 546610.91 13.92
193512.10 546520.91 14.52
193512.10 546430.91 15.11
193512.10 546340.91 5.92
193512.10 546250.91 8.52
193512.10 546160.91 14.63
193512.10 546070.91 14.28
193512.10 545980.91 19.15
193512.10 545890.91 14.37
193512.10 545800.91 17.10
193512.10 545710.91 21.78
193512.10 545620.91 33.40
193512.10 545530.91 46.35
193512.10 545440.91 46.70
193512.10 545350.91 54.17
193512.10 545260.91 52.72
193512.10 545170.91 42.52
193512.10 545080.91 36.01
193512.10 544990.91 32.07
193512.10 544900.91 40.79
193512.10 544810.91 35.14
193512.10 544720.91 31.25
193512.10 544630.91 25.47
193512.10 544540.91 23.00
193512.10 544450.91 21.83
193512.10 544360.91 22.59
193512.10 544270.91 23.41
193512.10 544180.91 35.33
193512.10 544090.91 38.76
193512.10 544000.91 42.42
193512.10 543910.91 42.13
193512.10 543820.91 35.25
193512.10 543730.91 28.87
193512.10 543640.91 24.70
193512.10 543550.91 22.98
193512.10 543460.91 22.38
193512.10 543370.91 21.38
193602.10 546700.91 13.37
193602.10 546610.91 14.15
193602.10 546520.91 14.35
193602.10 546430.91 14.55
193602.10 546340.91 6.71
193602.10 546250.91 8.51
193602.10 546160.91 12.58
193602.10 546070.91 12.55
193602.10 545980.91 18.84
193602.10 545890.91 15.13
193602.10 545800.91 21.87
193602.10 545710.91 28.01
193602.10 545620.91 41.41
193602.10 545530.91 38.42
193602.10 545440.91 47.27
193602.10 545350.91 55.47
193602.10 545260.91 56.17
193602.10 545170.91 47.37
193602.10 545080.91 38.93
193602.10 544990.91 41.12
193602.10 544900.91 53.61
193602.10 544810.91 43.03
193602.10 544720.91 32.58
193602.10 544630.91 31.31
193602.10 544540.91 25.42
193602.10 544450.91 22.91
193602.10 544360.91 23.30
193602.10 544270.91 24.17
193602.10 544180.91 28.72
193602.10 544090.91 32.99
193602.10 544000.91 39.64
193602.10 543910.91 44.80
193602.10 543820.91 40.46
193602.10 543730.91 40.38
193602.10 543640.91 33.51
193602.10 543550.91 24.13
193602.10 543460.91 22.97
193692.10 546700.91 13.27
193692.10 546610.91 14.63
193692.10 546520.91 15.02
193692.10 546430.91 13.47
193692.10 546340.91 7.24
193692.10 546250.91 6.78
193692.10 546160.91 11.29
193692.10 546070.91 13.91
193692.10 545980.91 17.10
193692.10 545890.91 21.84
193692.10 545800.91 27.82
193692.10 545710.91 29.75
193692.10 545620.91 32.16
193692.10 545530.91 32.22
193692.10 545440.91 33.98
193692.10 545350.91 37.41
193692.10 545260.91 42.72
193692.10 545170.91 54.45
193692.10 545080.91 64.14
193692.10 544990.91 68.03
193692.10 544900.91 54.89
193692.10 544810.91 45.08
193692.10 544720.91 37.17
193692.10 544630.91 33.75
193692.10 544540.91 32.95
193692.10 544450.91 24.32
193692.10 544360.91 23.90
193692.10 544270.91 25.20
193692.10 544180.91 35.83
193692.10 544090.91 39.70
193692.10 544000.91 43.62
193692.10 543910.91 47.39
193692.10 543820.91 51.43
193692.10 543730.91 41.10
193692.10 543640.91 31.38
193692.10 543550.91 25.85
193692.10 543460.91 23.10
193782.10 546700.91 13.23
193782.10 546610.91 13.50
193782.10 546520.91 13.55
193782.10 546430.91 13.27
193782.10 546340.91 4.79
193782.10 546250.91 7.01
193782.10 546160.91 12.04
193782.10 546070.91 13.10
193782.10 545980.91 15.79
193782.10 545890.91 18.50
193782.10 545800.91 23.28
193782.10 545710.91 27.20
193782.10 545620.91 28.78
193782.10 545530.91 29.56
193782.10 545440.91 30.67
193782.10 545350.91 28.92
193782.10 545260.91 41.39
193782.10 545170.91 54.66
193782.10 545080.91 56.69
193782.10 544990.91 65.44
193782.10 544900.91 58.62
193782.10 544810.91 48.86
193782.10 544720.91 37.79
193782.10 544630.91 32.31
193782.10 544540.91 28.29
193782.10 544450.91 24.82
193782.10 544360.91 24.23
193782.10 544270.91 25.81
193782.10 544180.91 31.24
193782.10 544090.91 34.73
193782.10 544000.91 36.11
193782.10 543910.91 43.09
193782.10 543820.91 52.21
193782.10 543730.91 47.02
193782.10 543640.91 38.73
193782.10 543550.91 30.96
193782.10 543460.91 25.04
193872.10 546700.91 13.14
193872.10 546610.91 13.14
193872.10 546520.91 13.48
193872.10 546430.91 13.23
193872.10 546340.91 4.08
193872.10 546250.91 7.61
193872.10 546160.91 13.16
193872.10 546070.91 14.10
193872.10 545980.91 14.79
193872.10 545890.91 16.73
193872.10 545800.91 15.83
193872.10 545710.91 18.68
193872.10 545620.91 22.36
193872.10 545530.91 23.72
193872.10 545440.91 22.90
193872.10 545350.91 25.27
193872.10 545260.91 31.95
193872.10 545170.91 39.49
193872.10 545080.91 40.18
193872.10 544990.91 50.65
193872.10 544900.91 57.03
193872.10 544810.91 44.43
193872.10 544720.91 38.26
193872.10 544630.91 32.50
193872.10 544540.91 25.54
193872.10 544450.91 24.70
193872.10 544360.91 25.01
193872.10 544270.91 26.35
193872.10 544180.91 29.39
193872.10 544090.91 32.13
193872.10 544000.91 36.38
193872.10 543910.91 41.57
193872.10 543820.91 48.30
193872.10 543730.91 52.69
193872.10 543640.91 41.57
193872.10 543550.91 35.42
193872.10 543460.91 29.47
193962.10 546700.91 13.14
193962.10 546610.91 13.40
193962.10 546520.91 13.58
193962.10 546430.91 13.74
193962.10 546340.91 5.45
193962.10 546250.91 8.59
193962.10 546160.91 14.74
193962.10 546070.91 15.86
193962.10 545980.91 14.40
193962.10 545890.91 14.42
193962.10 545800.91 13.89
193962.10 545710.91 14.93
193962.10 545620.91 17.14
193962.10 545530.91 18.83
193962.10 545440.91 19.86
193962.10 545350.91 22.05
193962.10 545260.91 24.97
193962.10 545170.91 29.36
193962.10 545080.91 34.48
193962.10 544990.91 40.68
193962.10 544900.91 51.16
193962.10 544810.91 41.37
193962.10 544720.91 32.15
193962.10 544630.91 29.09
193962.10 544540.91 25.41
193962.10 544450.91 25.39
193962.10 544360.91 26.69
193962.10 544270.91 33.20
193962.10 544180.91 35.55
193962.10 544090.91 33.60
193962.10 544000.91 38.12
193962.10 543910.91 44.06
193962.10 543820.91 50.36
193962.10 543730.91 56.00
193962.10 543640.91 50.54
193962.10 543550.91 40.05
193962.10 543460.91 37.94
194052.10 546700.91 13.17
194052.10 546610.91 13.35
194052.10 546520.91 13.60
194052.10 546430.91 13.59
194052.10 546340.91 4.52
194052.10 546250.91 10.04
194052.10 546160.91 15.11
194052.10 546070.91 16.46
194052.10 545980.91 14.86
194052.10 545890.91 14.54
194052.10 545800.91 16.96
194052.10 545710.91 15.10
194052.10 545620.91 20.66
194052.10 545530.91 23.94
194052.10 545440.91 28.05
194052.10 545350.91 33.73
194052.10 545260.91 29.64
194052.10 545170.91 32.65
194052.10 545080.91 40.21
194052.10 544990.91 44.77
194052.10 544900.91 42.48
194052.10 544810.91 39.52
194052.10 544720.91 29.48
194052.10 544630.91 26.45
194052.10 544540.91 25.87
194052.10 544450.91 26.59
194052.10 544360.91 29.90
194052.10 544270.91 39.70
194052.10 544180.91 44.38
194052.10 544090.91 39.61
194052.10 544000.91 39.03
194052.10 543910.91 42.67
194052.10 543820.91 50.00
194052.10 543730.91 61.11
194052.10 543640.91 47.66
194052.10 543550.91 45.22
194052.10 543460.91 44.68
194142.10 546700.91 13.36
194142.10 546610.91 13.41
194142.10 546520.91 13.35
194142.10 546430.91 13.59
194142.10 546340.91 4.26
194142.10 546250.91 10.92
194142.10 546160.91 15.43
194142.10 546070.91 16.46
194142.10 545980.91 15.90
194142.10 545890.91 17.20
194142.10 545800.91 23.75
194142.10 545710.91 24.94
194142.10 545620.91 27.68
194142.10 545530.91 34.82
194142.10 545440.91 35.16
194142.10 545350.91 38.55
194142.10 545260.91 37.53
194142.10 545170.91 37.78
194142.10 545080.91 41.10
194142.10 544990.91 44.33
194142.10 544900.91 36.47
194142.10 544810.91 31.03
194142.10 544720.91 27.15
194142.10 544630.91 26.34
194142.10 544540.91 27.15
194142.10 544450.91 27.86
194142.10 544360.91 29.51
194142.10 544270.91 34.88
194142.10 544180.91 50.47
194142.10 544090.91 49.92
194142.10 544000.91 45.48
194142.10 543910.91 45.39
194142.10 543820.91 51.21
194142.10 543730.91 63.66
194142.10 543640.91 56.21
194142.10 543550.91 56.80
194142.10 543460.91 56.61
194232.10 546700.91 13.19
194232.10 546610.91 13.17
194232.10 546520.91 13.38
194232.10 546430.91 14.08
194232.10 546340.91 5.48
194232.10 546250.91 12.04
194232.10 546160.91 15.77
194232.10 546070.91 16.16
194232.10 545980.91 15.55
194232.10 545890.91 21.18
194232.10 545800.91 24.29
194232.10 545710.91 27.72
194232.10 545620.91 33.79
194232.10 545530.91 36.99
194232.10 545440.91 36.37
194232.10 545350.91 44.17
194232.10 545260.91 51.01
194232.10 545170.91 43.97
194232.10 545080.91 42.79
194232.10 544990.91 45.71
194232.10 544900.91 29.52
194232.10 544810.91 27.83
194232.10 544720.91 27.00
194232.10 544630.91 27.51
194232.10 544540.91 34.42
194232.10 544450.91 40.54
194232.10 544360.91 36.67
194232.10 544270.91 35.75
194232.10 544180.91 43.10
194232.10 544090.91 56.55
194232.10 544000.91 54.79
194232.10 543910.91 49.08
194232.10 543820.91 52.79
194232.10 543730.91 63.79
194232.10 543640.91 65.19
194232.10 543550.91 61.90
194232.10 543460.91 81.77
194322.10 546700.91 12.98
194322.10 546610.91 12.90
194322.10 546520.91 13.10
194322.10 546430.91 15.54
194322.10 546340.91 9.33
194322.10 546250.91 13.14
194322.10 546160.91 15.18
194322.10 546070.91 15.20
194322.10 545980.91 14.60
194322.10 545890.91 16.09
194322.10 545800.91 15.74
194322.10 545710.91 17.63
194322.10 545620.91 23.98
194322.10 545530.91 26.09
194322.10 545440.91 27.20
194322.10 545350.91 35.24
194322.10 545260.91 53.75
194322.10 545170.91 44.04
194322.10 545080.91 36.57
194322.10 544990.91 35.45
194322.10 544900.91 28.43
194322.10 544810.91 28.70
194322.10 544720.91 27.72
194322.10 544630.91 30.66
194322.10 544540.91 46.62
194322.10 544450.91 53.97
194322.10 544360.91 50.51
194322.10 544270.91 47.99
194322.10 544180.91 44.12
194322.10 544090.91 52.94
194322.10 544000.91 62.97
194322.10 543910.91 59.23
194322.10 543820.91 63.50
194322.10 543730.91 72.44
194322.10 543640.91 84.10
194322.10 543550.91 80.13
194322.10 543460.91 83.35
194412.10 546700.91 13.03
194412.10 546610.91 13.07
194412.10 546520.91 13.89
194412.10 546430.91 12.81
194412.10 546340.91 13.52
194412.10 546250.91 11.90
194412.10 546160.91 15.07
194412.10 546070.91 15.30
194412.10 545980.91 13.36
194412.10 545890.91 13.39
194412.10 545800.91 13.08
194412.10 545710.91 14.25
194412.10 545620.91 19.04
194412.10 545530.91 20.59
194412.10 545440.91 23.77
194412.10 545350.91 36.47
194412.10 545260.91 39.19
194412.10 545170.91 45.66
194412.10 545080.91 39.71
194412.10 544990.91 31.18
194412.10 544900.91 36.49
194412.10 544810.91 43.06
194412.10 544720.91 31.20
194412.10 544630.91 30.57
194412.10 544540.91 41.44
194412.10 544450.91 53.13
194412.10 544360.91 57.89
194412.10 544270.91 56.95
194412.10 544180.91 64.26
194412.10 544090.91 64.13
194412.10 544000.91 71.85
194412.10 543910.91 79.94
194412.10 543820.91 97.13
194412.10 543730.91 117.69
194412.10 543640.91 119.43
194412.10 543550.91 115.27
194412.10 543460.91 96.57
194502.10 546700.91 12.83
194502.10 546610.91 13.04
194502.10 546520.91 13.86
194502.10 546430.91 10.77
194502.10 546340.91 13.97
194502.10 546250.91 12.41
194502.10 546160.91 15.06
194502.10 546070.91 15.14
194502.10 545980.91 13.67
194502.10 545890.91 13.25
194502.10 545800.91 12.85
194502.10 545710.91 13.15
194502.10 545620.91 14.75
194502.10 545530.91 21.61
194502.10 545440.91 21.92
194502.10 545350.91 30.84
194502.10 545260.91 28.72
194502.10 545170.91 40.03
194502.10 545080.91 41.94
194502.10 544990.91 31.04
194502.10 544900.91 36.16
194502.10 544810.91 47.82
194502.10 544720.91 39.06
194502.10 544630.91 32.53
194502.10 544540.91 33.38
194502.10 544450.91 37.91
194502.10 544360.91 42.58
194502.10 544270.91 50.30
194502.10 544180.91 78.51
194502.10 544090.91 73.22
194502.10 544000.91 79.03
194502.10 543910.91 95.32
194502.10 543820.91 124.93
194502.10 543730.91 139.63
194502.10 543640.91 143.80
194502.10 543550.91 133.38
194502.10 543460.91 110.68
194592.10 546700.91 15.92
194592.10 546610.91 13.90
194592.10 546520.91 15.68
194592.10 546430.91 9.49
194592.10 546340.91 10.75
194592.10 546250.91 14.60
194592.10 546160.91 15.16
194592.10 546070.91 15.35
194592.10 545980.91 14.37
194592.10 545890.91 14.16
194592.10 545800.91 13.29
194592.10 545710.91 12.99
194592.10 545620.91 14.24
194592.10 545530.91 16.69
194592.10 545440.91 20.39
194592.10 545350.91 22.64
194592.10 545260.91 24.60
194592.10 545170.91 29.13
194592.10 545080.91 33.09
194592.10 544990.91 31.73
194592.10 544900.91 36.42
194592.10 544810.91 47.12
194592.10 544720.91 45.24
194592.10 544630.91 40.51
194592.10 544540.91 33.43
194592.10 544450.91 34.27
194592.10 544360.91 37.55
194592.10 544270.91 46.48
194592.10 544180.91 66.67
194592.10 544090.91 73.93
194592.10 544000.91 87.87
194592.10 543910.91 108.08
194592.10 543820.91 133.97
194592.10 543730.91 166.25
194592.10 543640.91 166.33
194592.10 543550.91 145.59
194592.10 543460.91 125.30
194682.10 546700.91 17.27
194682.10 546610.91 16.49
194682.10 546520.91 12.76
194682.10 546430.91 7.37
194682.10 546340.91 8.70
194682.10 546250.91 15.17
194682.10 546160.91 15.52
194682.10 546070.91 15.57
194682.10 545980.91 16.15
194682.10 545890.91 16.56
194682.10 545800.91 15.51
194682.10 545710.91 16.13
194682.10 545620.91 16.66
194682.10 545530.91 16.83
194682.10 545440.91 19.68
194682.10 545350.91 26.08
194682.10 545260.91 30.05
194682.10 545170.91 33.73
194682.10 545080.91 38.80
194682.10 544990.91 32.09
194682.10 544900.91 36.25
194682.10 544810.91 41.69
194682.10 544720.91 49.94
194682.10 544630.91 47.31
194682.10 544540.91 38.03
194682.10 544450.91 35.02
194682.10 544360.91 40.04
194682.10 544270.91 46.23
194682.10 544180.91 56.60
194682.10 544090.91 65.80
194682.10 544000.91 83.34
194682.10 543910.91 97.26
194682.10 543820.91 126.48
194682.10 543730.91 155.44
194682.10 543640.91 153.60
194682.10 543550.91 138.71
194682.10 543460.91 119.63
194772.10 546700.91 11.03
194772.10 546610.91 10.19
194772.10 546520.91 9.07
194772.10 546430.91 8.24
194772.10 546340.91 8.41
194772.10 546250.91 15.18
194772.10 546160.91 15.28
194772.10 546070.91 15.62
194772.10 545980.91 16.82
194772.10 545890.91 21.72
194772.10 545800.91 18.93
194772.10 545710.91 20.02
194772.10 545620.91 20.07
194772.10 545530.91 20.19
194772.10 545440.91 21.15
194772.10 545350.91 25.45
194772.10 545260.91 34.28
194772.10 545170.91 37.62
194772.10 545080.91 35.21
194772.10 544990.91 32.87
194772.10 544900.91 42.34
194772.10 544810.91 48.34
194772.10 544720.91 53.78
194772.10 544630.91 49.12
194772.10 544540.91 40.01
194772.10 544450.91 36.07
194772.10 544360.91 47.83
194772.10 544270.91 52.56
194772.10 544180.91 56.81
194772.10 544090.91 64.42
194772.10 544000.91 73.35
194772.10 543910.91 81.54
194772.10 543820.91 108.91
194772.10 543730.91 135.53
194772.10 543640.91 138.17
194772.10 543550.91 121.87
194772.10 543460.91 104.67
194862.10 546700.91 8.85
194862.10 546610.91 8.46
194862.10 546520.91 6.41
194862.10 546430.91 7.74
194862.10 546340.91 9.04
194862.10 546250.91 15.20
194862.10 546160.91 15.15
194862.10 546070.91 15.52
194862.10 545980.91 15.96
194862.10 545890.91 19.35
194862.10 545800.91 25.04
194862.10 545710.91 31.78
194862.10 545620.91 24.36
194862.10 545530.91 33.58
194862.10 545440.91 27.39
194862.10 545350.91 28.29
194862.10 545260.91 38.35
194862.10 545170.91 43.99
194862.10 545080.91 37.07
194862.10 544990.91 33.62
194862.10 544900.91 44.38
194862.10 544810.91 49.04
194862.10 544720.91 54.49
194862.10 544630.91 47.91
194862.10 544540.91 43.02
194862.10 544450.91 37.26
194862.10 544360.91 47.69
194862.10 544270.91 53.23
194862.10 544180.91 52.64
194862.10 544090.91 57.58
194862.10 544000.91 62.98
194862.10 543910.91 74.90
194862.10 543820.91 101.06
194862.10 543730.91 124.81
194862.10 543640.91 118.86
194862.10 543550.91 113.54
194862.10 543460.91 99.29
194952.10 546700.91 8.76
194952.10 546610.91 8.78
194952.10 546520.91 4.03
194952.10 546430.91 10.64
194952.10 546340.91 12.64
194952.10 546250.91 15.12
194952.10 546160.91 15.12
194952.10 546070.91 15.57
194952.10 545980.91 15.05
194952.10 545890.91 16.60
194952.10 545800.91 24.44
194952.10 545710.91 34.81
194952.10 545620.91 36.39
194952.10 545530.91 46.27
194952.10 545440.91 44.81
194952.10 545350.91 43.71
194952.10 545260.91 46.06
194952.10 545170.91 47.81
194952.10 545080.91 39.98
194952.10 544990.91 34.26
194952.10 544900.91 39.93
194952.10 544810.91 47.51
194952.10 544720.91 57.33
194952.10 544630.91 59.11
194952.10 544540.91 45.31
194952.10 544450.91 39.02
194952.10 544360.91 41.48
194952.10 544270.91 48.18
194952.10 544180.91 48.83
194952.10 544090.91 51.23
194952.10 544000.91 58.05
194952.10 543910.91 66.49
194952.10 543820.91 80.45
194952.10 543730.91 106.51
194952.10 543640.91 104.89
194952.10 543550.91 102.70
194952.10 543460.91 105.29
195042.10 546700.91 4.60
195042.10 546610.91 4.29
195042.10 546520.91 5.64
195042.10 546430.91 15.02
195042.10 546340.91 14.83
195042.10 546250.91 15.12
195042.10 546160.91 15.49
195042.10 546070.91 13.72
195042.10 545980.91 13.22
195042.10 545890.91 13.80
195042.10 545800.91 16.18
195042.10 545710.91 20.67
195042.10 545620.91 42.35
195042.10 545530.91 61.04
195042.10 545440.91 51.56
195042.10 545350.91 49.70
195042.10 545260.91 56.41
195042.10 545170.91 48.16
195042.10 545080.91 42.45
195042.10 544990.91 37.18
195042.10 544900.91 40.82
195042.10 544810.91 48.06
195042.10 544720.91 55.49
195042.10 544630.91 64.17
195042.10 544540.91 57.30
195042.10 544450.91 49.51
195042.10 544360.91 42.49
195042.10 544270.91 45.17
195042.10 544180.91 49.95
195042.10 544090.91 56.75
195042.10 544000.91 60.27
195042.10 543910.91 68.43
195042.10 543820.91 86.51
195042.10 543730.91 100.16
195042.10 543640.91 107.74
195042.10 543550.91 90.06
195042.10 543460.91 85.77
195132.10 546700.91 3.32
195132.10 546610.91 3.26
195132.10 546520.91 4.03
195132.10 546430.91 16.09
195132.10 546340.91 15.62
195132.10 546250.91 15.67
195132.10 546160.91 16.19
195132.10 546070.91 14.51
195132.10 545980.91 14.03
195132.10 545890.91 14.38
195132.10 545800.91 17.80
195132.10 545710.91 19.00
195132.10 545620.91 25.57
195132.10 545530.91 37.35
195132.10 545440.91 46.54
195132.10 545350.91 53.40
195132.10 545260.91 59.32
195132.10 545170.91 52.26
195132.10 545080.91 44.00
195132.10 544990.91 40.48
195132.10 544900.91 42.40
195132.10 544810.91 54.67
195132.10 544720.91 49.20
195132.10 544630.91 56.86
195132.10 544540.91 67.70
195132.10 544450.91 74.23
195132.10 544360.91 59.14
195132.10 544270.91 52.29
195132.10 544180.91 60.77
195132.10 544090.91 70.27
195132.10 544000.91 78.85
195132.10 543910.91 97.12
195132.10 543820.91 99.06
195132.10 543730.91 100.74
195132.10 543640.91 93.41
195132.10 543550.91 76.70
195132.10 543460.91 63.71
195222.10 546700.91 3.24
195222.10 546610.91 3.24
195222.10 546520.91 3.59
195222.10 546430.91 14.38
195222.10 546340.91 14.37
195222.10 546250.91 16.33
195222.10 546160.91 16.81
195222.10 546070.91 24.49
195222.10 545980.91 14.55
195222.10 545890.91 15.29
195222.10 545800.91 21.73
195222.10 545710.91 28.67
195222.10 545620.91 24.88
195222.10 545530.91 29.28
195222.10 545440.91 38.23
195222.10 545350.91 55.11
195222.10 545260.91 59.25
195222.10 545170.91 51.55
195222.10 545080.91 44.95
195222.10 544990.91 41.70
195222.10 544900.91 39.83
195222.10 544810.91 43.89
195222.10 544720.91 54.21
195222.10 544630.91 66.29
195222.10 544540.91 68.13
195222.10 544450.91 88.92
195222.10 544360.91 68.26
195222.10 544270.91 66.13
195222.10 544180.91 69.74
195222.10 544090.91 81.89
195222.10 544000.91 93.06
195222.10 543910.91 112.42
195222.10 543820.91 125.74
195222.10 543730.91 107.30
195222.10 543640.91 92.33
195222.10 543550.91 79.04
195222.10 543460.91 55.93
195312.10 546700.91 3.23
195312.10 546610.91 3.23
195312.10 546520.91 3.30
195312.10 546430.91 7.26
195312.10 546340.91 16.14
195312.10 546250.91 17.00
195312.10 546160.91 18.24
195312.10 546070.91 33.87
195312.10 545980.91 17.13
195312.10 545890.91 18.57
195312.10 545800.91 23.40
195312.10 545710.91 36.70
195312.10 545620.91 36.55
195312.10 545530.91 38.50
195312.10 545440.91 37.68
195312.10 545350.91 47.54
195312.10 545260.91 55.78
195312.10 545170.91 52.23
195312.10 545080.91 52.92
195312.10 544990.91 48.45
195312.10 544900.91 39.67
195312.10 544810.91 40.51
195312.10 544720.91 47.96
195312.10 544630.91 64.03
195312.10 544540.91 86.53
195312.10 544450.91 92.87
195312.10 544360.91 97.30
195312.10 544270.91 86.45
195312.10 544180.91 88.80
195312.10 544090.91 101.81
195312.10 544000.91 108.57
195312.10 543910.91 113.06
195312.10 543820.91 130.64
195312.10 543730.91 120.40
195312.10 543640.91 97.63
195312.10 543550.91 84.04
195312.10 543460.91 57.08
195402.10 546700.91 3.23
195402.10 546610.91 3.22
195402.10 546520.91 3.15
195402.10 546430.91 3.77
195402.10 546340.91 11.14
195402.10 546250.91 18.27
195402.10 546160.91 26.49
195402.10 546070.91 37.89
195402.10 545980.91 26.54
195402.10 545890.91 30.00
195402.10 545800.91 38.91
195402.10 545710.91 50.67
195402.10 545620.91 49.66
195402.10 545530.91 42.67
195402.10 545440.91 51.24
195402.10 545350.91 49.86
195402.10 545260.91 57.88
195402.10 545170.91 58.86
195402.10 545080.91 60.58
195402.10 544990.91 52.23
195402.10 544900.91 43.92
195402.10 544810.91 42.20
195402.10 544720.91 42.60
195402.10 544630.91 52.36
195402.10 544540.91 67.30
195402.10 544450.91 82.65
195402.10 544360.91 102.93
195402.10 544270.91 95.46
195402.10 544180.91 98.42
195402.10 544090.91 87.94
195402.10 544000.91 91.78
195402.10 543910.91 105.04
195402.10 543820.91 128.73
195402.10 543730.91 126.31
195402.10 543640.91 100.01
195402.10 543550.91 87.01
195402.10 543460.91 65.12
195402.10 543370.91 60.17
195492.10 546700.91 3.23
195492.10 546610.91 3.22
195492.10 546520.91 3.14
195492.10 546430.91 3.34
195492.10 546340.91 10.38
195492.10 546250.91 13.49
195492.10 546160.91 18.60
195492.10 546070.91 32.75
195492.10 545980.91 34.63
195492.10 545890.91 24.41
195492.10 545800.91 34.25
195492.10 545710.91 37.51
195492.10 545620.91 45.01
195492.10 545530.91 53.87
195492.10 545440.91 63.46
195492.10 545350.91 64.95
195492.10 545260.91 63.24
195492.10 545170.91 66.19
195492.10 545080.91 57.93
195492.10 544990.91 47.82
195492.10 544900.91 54.62
195492.10 544810.91 52.79
195492.10 544720.91 44.56
195492.10 544630.91 44.93
195492.10 544540.91 53.66
195492.10 544450.91 70.01
195492.10 544360.91 79.54
195492.10 544270.91 81.45
195492.10 544180.91 74.99
195492.10 544090.91 76.66
195492.10 544000.91 83.10
195492.10 543910.91 98.85
195492.10 543820.91 118.53
195492.10 543730.91 120.30
195492.10 543640.91 113.17
195492.10 543550.91 94.44
195492.10 543460.91 71.88
195492.10 543370.91 70.05
195582.10 546700.91 3.23
195582.10 546610.91 3.22
195582.10 546520.91 3.20
195582.10 546430.91 3.27
195582.10 546340.91 7.97
195582.10 546250.91 12.94
195582.10 546160.91 11.17
195582.10 546070.91 23.24
195582.10 545980.91 35.21
195582.10 545890.91 19.95
195582.10 545800.91 22.27
195582.10 545710.91 24.45
195582.10 545620.91 43.93
195582.10 545530.91 56.48
195582.10 545440.91 70.59
195582.10 545350.91 71.81
195582.10 545260.91 68.91
195582.10 545170.91 56.27
195582.10 545080.91 49.48
195582.10 544990.91 47.63
195582.10 544900.91 56.34
195582.10 544810.91 53.08
195582.10 544720.91 48.50
195582.10 544630.91 46.10
195582.10 544540.91 47.19
195582.10 544450.91 51.65
195582.10 544360.91 61.42
195582.10 544270.91 69.62
195582.10 544180.91 66.66
195582.10 544090.91 75.09
195582.10 544000.91 86.28
195582.10 543910.91 95.34
195582.10 543820.91 100.26
195582.10 543730.91 110.60
195582.10 543640.91 128.88
195582.10 543550.91 96.98
195582.10 543460.91 80.16
195582.10 543370.91 77.26
195672.10 546700.91 3.23
195672.10 546610.91 3.24
195672.10 546520.91 3.13
195672.10 546430.91 3.13
195672.10 546340.91 4.02
195672.10 546250.91 11.40
195672.10 546160.91 12.93
195672.10 546070.91 13.91
195672.10 545980.91 17.60
195672.10 545890.91 17.58
195672.10 545800.91 19.13
195672.10 545710.91 32.61
195672.10 545620.91 51.45
195672.10 545530.91 57.94
195672.10 545440.91 68.89
195672.10 545350.91 73.46
195672.10 545260.91 64.63
195672.10 545170.91 62.45
195672.10 545080.91 56.16
195672.10 544990.91 49.96
195672.10 544900.91 62.42
195672.10 544810.91 52.45
195672.10 544720.91 58.01
195672.10 544630.91 54.69
195672.10 544540.91 48.88
195672.10 544450.91 49.95
195672.10 544360.91 51.86
195672.10 544270.91 57.63
195672.10 544180.91 67.66
195672.10 544090.91 75.33
195672.10 544000.91 80.40
195672.10 543910.91 86.05
195672.10 543820.91 93.00
195672.10 543730.91 115.47
195672.10 543640.91 140.31
195672.10 543550.91 115.80
195672.10 543460.91 91.34
195672.10 543370.91 86.12
195762.10 546700.91 3.24
195762.10 546610.91 3.24
195762.10 546520.91 3.14
195762.10 546430.91 3.11
195762.10 546340.91 3.31
195762.10 546250.91 10.45
195762.10 546160.91 14.68
195762.10 546070.91 15.40
195762.10 545980.91 15.42
195762.10 545890.91 16.90
195762.10 545800.91 32.06
195762.10 545710.91 51.69
195762.10 545620.91 59.82
195762.10 545530.91 60.33
195762.10 545440.91 80.33
195762.10 545350.91 73.57
195762.10 545260.91 69.32
195762.10 545170.91 61.68
195762.10 545080.91 56.94
195762.10 544990.91 54.91
195762.10 544900.91 61.27
195762.10 544810.91 56.29
195762.10 544720.91 62.92
195762.10 544630.91 55.09
195762.10 544540.91 54.09
195762.10 544450.91 63.70
195762.10 544360.91 56.70
195762.10 544270.91 55.56
195762.10 544180.91 62.84
195762.10 544090.91 69.91
195762.10 544000.91 73.40
195762.10 543910.91 84.18
195762.10 543820.91 95.81
195762.10 543730.91 120.92
195762.10 543640.91 140.48
195762.10 543550.91 143.94
195762.10 543460.91 101.39
195762.10 543370.91 96.92
195852.10 546700.91 3.24
195852.10 546610.91 3.23
195852.10 546520.91 3.15
195852.10 546430.91 3.09
195852.10 546340.91 3.09
195852.10 546250.91 4.38
195852.10 546160.91 8.46
195852.10 546070.91 16.11
195852.10 545980.91 15.55
195852.10 545890.91 15.39
195852.10 545800.91 20.40
195852.10 545710.91 31.47
195852.10 545620.91 51.58
195852.10 545530.91 65.47
195852.10 545440.91 90.97
195852.10 545350.91 83.67
195852.10 545260.91 77.87
195852.10 545170.91 68.41
195852.10 545080.91 61.88
195852.10 544990.91 64.78
195852.10 544900.91 69.71
195852.10 544810.91 70.88
195852.10 544720.91 75.15
195852.10 544630.91 71.42
195852.10 544540.91 75.84
195852.10 544450.91 81.21
195852.10 544360.91 74.76
195852.10 544270.91 69.48
195852.10 544180.91 68.88
195852.10 544090.91 67.25
195852.10 544000.91 70.36
195852.10 543910.91 79.08
195852.10 543820.91 87.70
195852.10 543730.91 97.04
195852.10 543640.91 108.22
195852.10 543550.91 117.76
195852.10 543460.91 112.56
195852.10 543370.91 100.43
195942.10 546700.91 3.23
195942.10 546610.91 3.34
195942.10 546520.91 5.29
195942.10 546430.91 3.09
195942.10 546340.91 3.06
195942.10 546250.91 3.16
195942.10 546160.91 5.83
195942.10 546070.91 16.43
195942.10 545980.91 16.07
195942.10 545890.91 15.57
195942.10 545800.91 17.97
195942.10 545710.91 25.33
195942.10 545620.91 51.93
195942.10 545530.91 83.96
195942.10 545440.91 93.88
195942.10 545350.91 93.83
195942.10 545260.91 71.06
195942.10 545170.91 49.37
195942.10 545080.91 42.71
195942.10 544990.91 66.12
195942.10 544900.91 86.51
195942.10 544810.91 90.85
195942.10 544720.91 85.87
195942.10 544630.91 79.67
195942.10 544540.91 82.57
195942.10 544450.91 87.51
195942.10 544360.91 82.55
195942.10 544270.91 77.96
195942.10 544180.91 74.37
195942.10 544090.91 72.46
195942.10 544000.91 72.92
195942.10 543910.91 78.09
195942.10 543820.91 83.51
195942.10 543730.91 93.52
195942.10 543640.91 103.43
195942.10 543550.91 119.58
195942.10 543460.91 104.14
195942.10 543370.91 99.85
196032.10 546700.91 3.30
196032.10 546610.91 5.54
196032.10 546520.91 8.76
196032.10 546430.91 4.19
196032.10 546340.91 3.05
196032.10 546250.91 3.09
196032.10 546160.91 3.81
196032.10 546070.91 13.65
196032.10 545980.91 17.44
196032.10 545890.91 23.99
196032.10 545800.91 26.29
196032.10 545710.91 31.72
196032.10 545620.91 60.34
196032.10 545530.91 66.02
196032.10 545440.91 64.91
196032.10 545350.91 65.47
196032.10 545260.91 65.30
196032.10 545170.91 38.00
196032.10 545080.91 32.61
196032.10 544990.91 56.35
196032.10 544900.91 63.55
196032.10 544810.91 85.82
196032.10 544720.91 93.15
196032.10 544630.91 103.59
196032.10 544540.91 93.89
196032.10 544450.91 90.72
196032.10 544360.91 90.00
196032.10 544270.91 87.80
196032.10 544180.91 80.07
196032.10 544090.91 80.57
196032.10 544000.91 76.97
196032.10 543910.91 82.93
196032.10 543820.91 87.20
196032.10 543730.91 93.78
196032.10 543640.91 109.22
196032.10 543550.91 116.25
196032.10 543460.91 99.48
196032.10 543370.91 93.93
196122.10 546700.91 3.24
196122.10 546610.91 4.19
196122.10 546520.91 14.10
196122.10 546430.91 9.87
196122.10 546340.91 3.06
196122.10 546250.91 3.07
196122.10 546160.91 3.23
196122.10 546070.91 7.54
196122.10 545980.91 18.14
196122.10 545890.91 31.25
196122.10 545800.91 40.31
196122.10 545710.91 43.80
196122.10 545620.91 72.08
196122.10 545530.91 53.50
196122.10 545440.91 45.34
196122.10 545350.91 41.09
196122.10 545260.91 41.46
196122.10 545170.91 25.81
196122.10 545080.91 28.63
196122.10 544990.91 39.77
196122.10 544900.91 55.36
196122.10 544810.91 73.01
196122.10 544720.91 72.98
196122.10 544630.91 87.03
196122.10 544540.91 94.79
196122.10 544450.91 101.90
196122.10 544360.91 110.61
196122.10 544270.91 93.52
196122.10 544180.91 80.30
196122.10 544090.91 87.55
196122.10 544000.91 82.98
196122.10 543910.91 85.67
196122.10 543820.91 97.36
196122.10 543730.91 97.41
196122.10 543640.91 106.66
196122.10 543550.91 108.88
196122.10 543460.91 95.05
196122.10 543370.91 88.05
196122.10 543280.91 85.19
196212.10 546700.91 3.21
196212.10 546610.91 3.67
196212.10 546520.91 15.05
196212.10 546430.91 14.04
196212.10 546340.91 3.06
196212.10 546250.91 3.07
196212.10 546160.91 3.10
196212.10 546070.91 4.08
196212.10 545980.91 13.30
196212.10 545890.91 25.36
196212.10 545800.91 42.67
196212.10 545710.91 61.02
196212.10 545620.91 69.98
196212.10 545530.91 46.73
196212.10 545440.91 34.18
196212.10 545350.91 26.24
196212.10 545260.91 24.05
196212.10 545170.91 20.52
196212.10 545080.91 30.17
196212.10 544990.91 41.58
196212.10 544900.91 54.17
196212.10 544810.91 49.47
196212.10 544720.91 60.42
196212.10 544630.91 66.39
196212.10 544540.91 80.73
196212.10 544450.91 99.37
196212.10 544360.91 106.11
196212.10 544270.91 98.22
196212.10 544180.91 88.53
196212.10 544090.91 89.70
196212.10 544000.91 87.87
196212.10 543910.91 90.12
196212.10 543820.91 105.15
196212.10 543730.91 104.58
196212.10 543640.91 112.03
196212.10 543550.91 108.90
196212.10 543460.91 96.31
196212.10 543370.91 83.83
196212.10 543280.91 79.40
196212.10 543190.91 72.45
196212.10 543100.91 63.81
196212.10 543010.91 52.39
196212.10 542920.91 46.83
196302.10 546610.91 3.45
196302.10 546520.91 10.17
196302.10 546430.91 17.17
196302.10 546340.91 3.06
196302.10 546250.91 3.08
196302.10 546160.91 3.08
196302.10 546070.91 3.23
196302.10 545980.91 7.01
196302.10 545890.91 19.91
196302.10 545800.91 45.38
196302.10 545710.91 67.71
196302.10 545620.91 57.91
196302.10 545530.91 47.14
196302.10 545440.91 26.21
196302.10 545350.91 19.07
196302.10 545260.91 18.00
196302.10 545170.91 19.07
196302.10 545080.91 28.51
196302.10 544990.91 32.91
196302.10 544900.91 34.42
196302.10 544810.91 36.63
196302.10 544720.91 47.61
196302.10 544630.91 58.09
196302.10 544540.91 68.29
196302.10 544450.91 82.60
196302.10 544360.91 105.54
196302.10 544270.91 102.83
196302.10 544180.91 98.36
196302.10 544090.91 96.28
196302.10 544000.91 93.69
196302.10 543910.91 96.68
196302.10 543820.91 115.91
196302.10 543730.91 116.38
196302.10 543640.91 113.40
196302.10 543550.91 104.82
196302.10 543460.91 82.58
196302.10 543370.91 75.38
196302.10 543280.91 68.62
196302.10 543190.91 65.01
196302.10 543100.91 59.14
196302.10 543010.91 52.77
196302.10 542920.91 55.26
196302.10 542830.91 56.31
196302.10 542740.91 63.39
196302.10 542650.91 69.58
196302.10 542560.91 68.24
196392.10 546610.91 3.25
196392.10 546520.91 4.73
196392.10 546430.91 16.02
196392.10 546340.91 3.25
196392.10 546250.91 3.06
196392.10 546160.91 3.09
196392.10 546070.91 3.10
196392.10 545980.91 3.67
196392.10 545890.91 9.55
196392.10 545800.91 39.61
196392.10 545710.91 54.98
196392.10 545620.91 38.04
196392.10 545530.91 38.64
196392.10 545440.91 29.76
196392.10 545350.91 15.18
196392.10 545260.91 14.54
196392.10 545170.91 18.09
196392.10 545080.91 17.34
196392.10 544990.91 19.75
196392.10 544900.91 26.89
196392.10 544810.91 33.00
196392.10 544720.91 41.96
196392.10 544630.91 54.10
196392.10 544540.91 63.03
196392.10 544450.91 86.27
196392.10 544360.91 100.62
196392.10 544270.91 110.58
196392.10 544180.91 111.08
196392.10 544090.91 105.34
196392.10 544000.91 101.76
196392.10 543910.91 100.95
196392.10 543820.91 116.83
196392.10 543730.91 118.21
196392.10 543640.91 113.09
196392.10 543550.91 97.73
196392.10 543460.91 77.15
196392.10 543370.91 69.64
196392.10 543280.91 63.74
196392.10 543190.91 61.41
196392.10 543100.91 58.39
196392.10 543010.91 58.43
196392.10 542920.91 62.64
196392.10 542830.91 64.15
196392.10 542740.91 72.37
196392.10 542650.91 79.99
196392.10 542560.91 71.96
196392.10 542470.91 63.22
196392.10 542380.91 55.64
196392.10 542290.91 48.61
196392.10 542200.91 49.02
196482.10 546520.91 3.50
196482.10 546430.91 12.18
196482.10 546340.91 6.68
196482.10 546250.91 3.07
196482.10 546160.91 3.08
196482.10 546070.91 3.11
196482.10 545980.91 3.15
196482.10 545890.91 6.32
196482.10 545800.91 31.95
196482.10 545710.91 40.83
196482.10 545620.91 28.07
196482.10 545530.91 23.39
196482.10 545440.91 19.84
196482.10 545350.91 13.12
196482.10 545260.91 13.05
196482.10 545170.91 13.57
196482.10 545080.91 13.89
196482.10 544990.91 17.16
196482.10 544900.91 26.41
196482.10 544810.91 34.72
196482.10 544720.91 43.46
196482.10 544630.91 56.52
196482.10 544540.91 69.22
196482.10 544450.91 84.19
196482.10 544360.91 99.71
196482.10 544270.91 121.52
196482.10 544180.91 133.42
196482.10 544090.91 117.62
196482.10 544000.91 108.96
196482.10 543910.91 107.29
196482.10 543820.91 121.64
196482.10 543730.91 116.59
196482.10 543640.91 110.76
196482.10 543550.91 103.80
196482.10 543460.91 87.15
196482.10 543370.91 72.22
196482.10 543280.91 68.03
196482.10 543190.91 67.05
196482.10 543100.91 69.50
196482.10 543010.91 68.20
196482.10 542920.91 71.25
196482.10 542830.91 73.34
196482.10 542740.91 83.16
196482.10 542650.91 89.08
196482.10 542560.91 78.51
196482.10 542470.91 68.63
196482.10 542380.91 60.94
196482.10 542290.91 57.83
196482.10 542200.91 50.90
196482.10 542110.91 44.55
196482.10 542020.91 41.87
196572.10 546430.91 4.53
196572.10 546340.91 6.87
196572.10 546250.91 3.08
196572.10 546160.91 3.09
196572.10 546070.91 3.10
196572.10 545980.91 3.08
196572.10 545890.91 4.00
196572.10 545800.91 17.76
196572.10 545710.91 23.89
196572.10 545620.91 17.04
196572.10 545530.91 14.10
196572.10 545440.91 12.38
196572.10 545350.91 11.56
196572.10 545260.91 11.98
196572.10 545170.91 12.75
196572.10 545080.91 14.47
196572.10 544990.91 17.71
196572.10 544900.91 30.51
196572.10 544810.91 39.08
196572.10 544720.91 54.78
196572.10 544630.91 65.25
196572.10 544540.91 82.78
196572.10 544450.91 97.16
196572.10 544360.91 119.09
196572.10 544270.91 142.76
196572.10 544180.91 156.18
196572.10 544090.91 148.61
196572.10 544000.91 134.46
196572.10 543910.91 124.80
196572.10 543820.91 114.02
196572.10 543730.91 114.68
196572.10 543640.91 108.48
196572.10 543550.91 102.62
196572.10 543460.91 83.57
196572.10 543370.91 70.83
196572.10 543280.91 71.80
196572.10 543190.91 75.94
196572.10 543100.91 77.69
196572.10 543010.91 85.88
196572.10 542920.91 84.43
196572.10 542830.91 89.78
196572.10 542740.91 87.15
196572.10 542650.91 109.42
196572.10 542560.91 96.98
196572.10 542470.91 87.49
196572.10 542380.91 73.38
196572.10 542290.91 68.87
196572.10 542200.91 61.46
196572.10 542110.91 55.81
196572.10 542020.91 45.20
196572.10 541930.91 45.81
196662.10 546430.91 3.06
196662.10 546340.91 3.66
196662.10 546250.91 3.09
196662.10 546160.91 3.08
196662.10 546070.91 3.12
196662.10 545980.91 3.05
196662.10 545890.91 3.14
196662.10 545800.91 5.19
196662.10 545710.91 9.69
196662.10 545620.91 16.65
196662.10 545530.91 12.79
196662.10 545440.91 11.41
196662.10 545350.91 11.50
196662.10 545260.91 12.00
196662.10 545170.91 13.71
196662.10 545080.91 15.63
196662.10 544990.91 18.59
196662.10 544900.91 31.04
196662.10 544810.91 40.84
196662.10 544720.91 54.53
196662.10 544630.91 71.18
196662.10 544540.91 96.05
196662.10 544450.91 125.98
196662.10 544360.91 130.97
196662.10 544270.91 139.04
196662.10 544180.91 134.84
196662.10 544090.91 137.93
196662.10 544000.91 129.42
196662.10 543910.91 137.31
196662.10 543820.91 130.90
196662.10 543730.91 117.43
196662.10 543640.91 94.95
196662.10 543550.91 87.53
196662.10 543460.91 72.69
196662.10 543370.91 59.91
196662.10 543280.91 57.96
196662.10 543190.91 71.28
196662.10 543100.91 65.20
196662.10 543010.91 80.80
196662.10 542920.91 70.55
196662.10 542830.91 84.94
196662.10 542740.91 83.78
196662.10 542650.91 90.67
196662.10 542560.91 100.08
196662.10 542470.91 94.22
196662.10 542380.91 81.85
196662.10 542290.91 74.13
196662.10 542200.91 65.53
196662.10 542110.91 55.33
196662.10 542020.91 47.02
196662.10 541930.91 45.79
196662.10 541840.91 46.75
196752.10 546340.91 3.07
196752.10 546250.91 3.09
196752.10 546160.91 3.09
196752.10 546070.91 3.15
196752.10 545980.91 3.09
196752.10 545890.91 3.04
196752.10 545800.91 3.08
196752.10 545710.91 4.12
196752.10 545620.91 14.43
196752.10 545530.91 15.71
196752.10 545440.91 15.18
196752.10 545350.91 11.47
196752.10 545260.91 12.96
196752.10 545170.91 29.36
196752.10 545080.91 28.13
196752.10 544990.91 23.57
196752.10 544900.91 33.69
196752.10 544810.91 42.84
196752.10 544720.91 55.82
196752.10 544630.91 75.54
196752.10 544540.91 105.25
196752.10 544450.91 127.48
196752.10 544360.91 118.49
196752.10 544270.91 116.72
196752.10 544180.91 112.87
196752.10 544090.91 115.24
196752.10 544000.91 111.56
196752.10 543910.91 130.18
196752.10 543820.91 150.87
196752.10 543730.91 118.95
196752.10 543640.91 100.83
196752.10 543550.91 81.30
196752.10 543460.91 60.47
196752.10 543370.91 52.70
196752.10 543280.91 48.36
196752.10 543190.91 47.99
196752.10 543100.91 62.16
196752.10 543010.91 70.38
196752.10 542920.91 56.28
196752.10 542830.91 70.38
196752.10 542740.91 75.18
196752.10 542650.91 69.39
196752.10 542560.91 80.18
196752.10 542470.91 84.98
196752.10 542380.91 87.18
196752.10 542290.91 77.50
196752.10 542200.91 69.49
196752.10 542110.91 65.40
196752.10 542020.91 49.82
196752.10 541930.91 48.55
196752.10 541840.91 48.25
196842.10 546250.91 3.08
196842.10 546160.91 3.08
196842.10 546070.91 3.12
196842.10 545980.91 3.08
196842.10 545890.91 3.03
196842.10 545800.91 3.05
196842.10 545710.91 3.27
196842.10 545620.91 8.87
196842.10 545530.91 12.70
196842.10 545440.91 16.43
196842.10 545350.91 15.24
196842.10 545260.91 13.26
196842.10 545170.91 17.71
196842.10 545080.91 29.96
196842.10 544990.91 31.75
196842.10 544900.91 43.25
196842.10 544810.91 60.07
196842.10 544720.91 78.99
196842.10 544630.91 95.51
196842.10 544540.91 111.88
196842.10 544450.91 114.75
196842.10 544360.91 103.51
196842.10 544270.91 98.99
196842.10 544180.91 97.90
196842.10 544090.91 91.20
196842.10 544000.91 91.65
196842.10 543910.91 122.50
196842.10 543820.91 135.25
196842.10 543730.91 136.59
196842.10 543640.91 108.36
196842.10 543550.91 82.29
196842.10 543460.91 62.21
196842.10 543370.91 51.88
196842.10 543280.91 44.41
196842.10 543190.91 41.36
196842.10 543100.91 42.25
196842.10 543010.91 50.62
196842.10 542920.91 43.77
196842.10 542830.91 50.76
196842.10 542740.91 72.23
196842.10 542650.91 66.08
196842.10 542560.91 64.57
196842.10 542470.91 68.49
196842.10 542380.91 74.85
196842.10 542290.91 82.56
196842.10 542200.91 94.34
196842.10 542110.91 74.04
196842.10 542020.91 54.66
196842.10 541930.91 50.71
196842.10 541840.91 49.90
196842.10 541750.91 50.86
196932.10 546250.91 3.07
196932.10 546160.91 3.08
196932.10 546070.91 3.10
196932.10 545980.91 3.10
196932.10 545890.91 3.04
196932.10 545800.91 3.07
196932.10 545710.91 3.16
196932.10 545620.91 5.31
196932.10 545530.91 11.59
196932.10 545440.91 17.56
196932.10 545350.91 18.55
196932.10 545260.91 15.94
196932.10 545170.91 14.60
196932.10 545080.91 23.31
196932.10 544990.91 43.50
196932.10 544900.91 63.21
196932.10 544810.91 76.34
196932.10 544720.91 96.78
196932.10 544630.91 102.69
196932.10 544540.91 104.30
196932.10 544450.91 95.05
196932.10 544360.91 93.56
196932.10 544270.91 82.32
196932.10 544180.91 77.98
196932.10 544090.91 75.23
196932.10 544000.91 80.43
196932.10 543910.91 100.33
196932.10 543820.91 112.24
196932.10 543730.91 131.78
196932.10 543640.91 128.77
196932.10 543550.91 104.10
196932.10 543460.91 68.39
196932.10 543370.91 55.05
196932.10 543280.91 46.04
196932.10 543190.91 41.50
196932.10 543100.91 35.74
196932.10 543010.91 35.79
196932.10 542920.91 36.69
196932.10 542830.91 54.63
196932.10 542740.91 57.40
196932.10 542650.91 59.34
196932.10 542560.91 59.75
196932.10 542470.91 61.80
196932.10 542380.91 71.51
196932.10 542290.91 86.79
196932.10 542200.91 90.72
196932.10 542110.91 89.92
196932.10 542020.91 63.55
196932.10 541930.91 56.01
196932.10 541840.91 53.28
196932.10 541750.91 53.02
197022.10 546160.91 3.07
197022.10 546070.91 3.10
197022.10 545980.91 3.14
197022.10 545890.91 3.05
197022.10 545800.91 3.13
197022.10 545710.91 3.13
197022.10 545620.91 3.41
197022.10 545530.91 5.61
197022.10 545440.91 18.78
197022.10 545350.91 19.86
197022.10 545260.91 21.11
197022.10 545170.91 26.77
197022.10 545080.91 33.20
197022.10 544990.91 52.23
197022.10 544900.91 81.77
197022.10 544810.91 96.92
197022.10 544720.91 100.44
197022.10 544630.91 89.25
197022.10 544540.91 94.07
197022.10 544450.91 78.57
197022.10 544360.91 65.12
197022.10 544270.91 63.09
197022.10 544180.91 60.10
197022.10 544090.91 62.74
197022.10 544000.91 72.79
197022.10 543910.91 84.35
197022.10 543820.91 109.38
197022.10 543730.91 106.35
197022.10 543640.91 119.01
197022.10 543550.91 118.34
197022.10 543460.91 70.38
197022.10 543370.91 56.40
197022.10 543280.91 49.95
197022.10 543190.91 44.81
197022.10 543100.91 36.19
197022.10 543010.91 32.60
197022.10 542920.91 31.51
197022.10 542830.91 39.06
197022.10 542740.91 42.33
197022.10 542650.91 49.46
197022.10 542560.91 53.71
197022.10 542470.91 62.28
197022.10 542380.91 79.11
197022.10 542290.91 76.33
197022.10 542200.91 75.52
197022.10 542110.91 105.20
197022.10 542020.91 71.15
197022.10 541930.91 66.11
197022.10 541840.91 57.99
197022.10 541750.91 56.28
197112.10 546070.91 3.10
197112.10 545980.91 3.06
197112.10 545890.91 3.06
197112.10 545800.91 3.07
197112.10 545710.91 3.12
197112.10 545620.91 3.20
197112.10 545530.91 5.46
197112.10 545440.91 16.92
197112.10 545350.91 20.48
197112.10 545260.91 26.28
197112.10 545170.91 45.35
197112.10 545080.91 49.27
197112.10 544990.91 58.60
197112.10 544900.91 80.19
197112.10 544810.91 80.34
197112.10 544720.91 85.21
197112.10 544630.91 73.75
197112.10 544540.91 76.42
197112.10 544450.91 62.74
197112.10 544360.91 51.00
197112.10 544270.91 50.18
197112.10 544180.91 55.39
197112.10 544090.91 61.98
197112.10 544000.91 66.22
197112.10 543910.91 83.99
197112.10 543820.91 107.63
197112.10 543730.91 93.45
197112.10 543640.91 99.58
197112.10 543550.91 99.24
197112.10 543460.91 88.68
197112.10 543370.91 67.70
197112.10 543280.91 52.81
197112.10 543190.91 47.75
197112.10 543100.91 38.81
197112.10 543010.91 31.06
197112.10 542920.91 28.29
197112.10 542830.91 28.67
197112.10 542740.91 32.42
197112.10 542650.91 41.74
197112.10 542560.91 47.12
197112.10 542470.91 64.40
197112.10 542380.91 59.35
197112.10 542290.91 59.71
197112.10 542200.91 68.18
197112.10 542110.91 87.85
197112.10 542020.91 93.51
197112.10 541930.91 77.17
197112.10 541840.91 67.66
197112.10 541750.91 60.17
197202.10 546070.91 3.12
197202.10 545980.91 3.06
197202.10 545890.91 3.06
197202.10 545800.91 3.07
197202.10 545710.91 3.11
197202.10 545620.91 3.11
197202.10 545530.91 3.57
197202.10 545440.91 8.75
197202.10 545350.91 42.69
197202.10 545260.91 32.56
197202.10 545170.91 32.10
197202.10 545080.91 36.25
197202.10 544990.91 50.24
197202.10 544900.91 79.98
197202.10 544810.91 65.02
197202.10 544720.91 59.82
197202.10 544630.91 61.41
197202.10 544540.91 66.29
197202.10 544450.91 61.45
197202.10 544360.91 45.23
197202.10 544270.91 39.65
197202.10 544180.91 62.62
197202.10 544090.91 70.50
197202.10 544000.91 61.58
197202.10 543910.91 77.70
197202.10 543820.91 103.78
197202.10 543730.91 87.82
197202.10 543640.91 82.63
197202.10 543550.91 83.63
197202.10 543460.91 98.28
197202.10 543370.91 79.37
197202.10 543280.91 67.54
197202.10 543190.91 55.58
197202.10 543100.91 52.02
197202.10 543010.91 35.28
197202.10 542920.91 25.88
197202.10 542830.91 25.61
197202.10 542740.91 29.43
197202.10 542650.91 33.81
197202.10 542560.91 47.31
197202.10 542470.91 58.46
197202.10 542380.91 44.98
197202.10 542290.91 47.76
197202.10 542200.91 62.64
197202.10 542110.91 90.65
197202.10 542020.91 93.85
197202.10 541930.91 97.44
197202.10 541840.91 75.83
197202.10 541750.91 63.54
197202.10 541660.91 61.51
197292.10 545980.91 3.11
197292.10 545890.91 3.04
197292.10 545800.91 3.13
197292.10 545710.91 3.11
197292.10 545620.91 3.09
197292.10 545530.91 3.58
197292.10 545440.91 5.75
197292.10 545350.91 14.08
197292.10 545260.91 24.96
197292.10 545170.91 29.68
197292.10 545080.91 37.50
197292.10 544990.91 50.66
197292.10 544900.91 69.30
197292.10 544810.91 51.21
197292.10 544720.91 39.37
197292.10 544630.91 44.02
197292.10 544540.91 47.04
197292.10 544450.91 39.27
197292.10 544360.91 31.70
197292.10 544270.91 30.18
197292.10 544180.91 45.96
197292.10 544090.91 46.91
197292.10 544000.91 50.02
197292.10 543910.91 61.42
197292.10 543820.91 86.31
197292.10 543730.91 90.23
197292.10 543640.91 76.39
197292.10 543550.91 63.10
197292.10 543460.91 64.38
197292.10 543370.91 60.00
197292.10 543280.91 64.28
197292.10 543190.91 65.52
197292.10 543100.91 57.79
197292.10 543010.91 46.91
197292.10 542920.91 36.43
197292.10 542830.91 25.00
197292.10 542740.91 23.02
197292.10 542650.91 29.59
197292.10 542560.91 37.70
197292.10 542470.91 34.23
197292.10 542380.91 32.69
197292.10 542290.91 41.77
197292.10 542200.91 49.72
197292.10 542110.91 51.77
197292.10 542020.91 68.37
197292.10 541930.91 83.98
197292.10 541840.91 82.97
197292.10 541750.91 68.08
197292.10 541660.91 74.89
197382.10 545890.91 3.04
197382.10 545800.91 3.09
197382.10 545710.91 3.09
197382.10 545620.91 3.01
197382.10 545530.91 1.01
197382.10 545440.91 1.33
197382.10 545350.91 4.19
197382.10 545260.91 16.38
197382.10 545170.91 31.33
197382.10 545080.91 39.34
197382.10 544990.91 50.35
197382.10 544900.91 50.68
197382.10 544810.91 33.57
197382.10 544720.91 29.29
197382.10 544630.91 33.87
197382.10 544540.91 34.55
197382.10 544450.91 32.84
197382.10 544360.91 26.62
197382.10 544270.91 24.98
197382.10 544180.91 33.80
197382.10 544090.91 37.58
197382.10 544000.91 44.59
197382.10 543910.91 65.50
197382.10 543820.91 90.19
197382.10 543730.91 106.12
197382.10 543640.91 79.60
197382.10 543550.91 72.90
197382.10 543460.91 47.93
197382.10 543370.91 47.73
197382.10 543280.91 57.69
197382.10 543190.91 58.30
197382.10 543100.91 50.89
197382.10 543010.91 47.02
197382.10 542920.91 31.38
197382.10 542830.91 21.42
197382.10 542740.91 21.02
197382.10 542650.91 22.89
197382.10 542560.91 27.12
197382.10 542470.91 25.79
197382.10 542380.91 29.00
197382.10 542290.91 35.29
197382.10 542200.91 34.67
197382.10 542110.91 38.73
197382.10 542020.91 63.53
197382.10 541930.91 67.18
197382.10 541840.91 64.37
197382.10 541750.91 65.65
197382.10 541660.91 78.16
197472.10 545890.91 3.11
197472.10 545800.91 3.10
197472.10 545710.91 3.08
197472.10 545620.91 3.10
197472.10 545530.91 2.71
197472.10 545440.91 2.73
197472.10 545350.91 4.44
197472.10 545260.91 10.34
197472.10 545170.91 33.41
197472.10 545080.91 48.78
197472.10 544990.91 65.55
197472.10 544900.91 43.58
197472.10 544810.91 22.78
197472.10 544720.91 21.82
197472.10 544630.91 25.74
197472.10 544540.91 26.28
197472.10 544450.91 26.43
197472.10 544360.91 21.12
197472.10 544270.91 20.52
197472.10 544180.91 31.16
197472.10 544090.91 37.65
197472.10 544000.91 51.39
197472.10 543910.91 62.22
197472.10 543820.91 86.27
197472.10 543730.91 119.45
197472.10 543640.91 99.17
197472.10 543550.91 80.61
197472.10 543460.91 47.99
197472.10 543370.91 40.80
197472.10 543280.91 41.07
197472.10 543190.91 44.11
197472.10 543100.91 48.09
197472.10 543010.91 44.16
197472.10 542920.91 34.54
197472.10 542830.91 27.93
197472.10 542740.91 20.59
197472.10 542650.91 20.11
197472.10 542560.91 21.43
197472.10 542470.91 22.84
197472.10 542380.91 25.23
197472.10 542290.91 28.22
197472.10 542200.91 37.32
197472.10 542110.91 42.22
197472.10 542020.91 58.79
197472.10 541930.91 53.53
197472.10 541840.91 52.30
197472.10 541750.91 55.46
197472.10 541660.91 61.24
197562.10 545800.91 3.04
197562.10 545710.91 3.06
197562.10 545620.91 3.09
197562.10 545530.91 3.18
197562.10 545440.91 3.12
197562.10 545350.91 4.14
197562.10 545260.91 4.67
197562.10 545170.91 22.21
197562.10 545080.91 36.83
197562.10 544990.91 50.22
197562.10 544900.91 30.97
197562.10 544810.91 18.17
197562.10 544720.91 17.39
197562.10 544630.91 18.95
197562.10 544540.91 18.79
197562.10 544450.91 17.46
197562.10 544360.91 16.41
197562.10 544270.91 19.59
197562.10 544180.91 33.82
197562.10 544090.91 43.82
197562.10 544000.91 60.73
197562.10 543910.91 78.26
197562.10 543820.91 102.45
197562.10 543730.91 113.08
197562.10 543640.91 89.62
197562.10 543550.91 68.63
197562.10 543460.91 55.16
197562.10 543370.91 40.89
197562.10 543280.91 34.09
197562.10 543190.91 34.25
197562.10 543100.91 42.95
197562.10 543010.91 47.81
197562.10 542920.91 42.26
197562.10 542830.91 27.36
197562.10 542740.91 20.59
197562.10 542650.91 19.34
197562.10 542560.91 20.14
197562.10 542470.91 21.11
197562.10 542380.91 22.99
197562.10 542290.91 32.94
197562.10 542200.91 37.41
197562.10 542110.91 39.20
197562.10 542020.91 50.21
197562.10 541930.91 44.71
197562.10 541840.91 45.68
197562.10 541750.91 47.53
197562.10 541660.91 48.39
197652.10 545710.91 3.09
197652.10 545620.91 3.13
197652.10 545530.91 3.22
197652.10 545440.91 3.02
197652.10 545350.91 3.20
197652.10 545260.91 3.48
197652.10 545170.91 14.83
197652.10 545080.91 22.00
197652.10 544990.91 38.71
197652.10 544900.91 20.98
197652.10 544810.91 16.87
197652.10 544720.91 16.29
197652.10 544630.91 16.27
197652.10 544540.91 15.66
197652.10 544450.91 14.15
197652.10 544360.91 16.14
197652.10 544270.91 21.59
197652.10 544180.91 37.20
197652.10 544090.91 52.48
197652.10 544000.91 64.12
197652.10 543910.91 88.98
197652.10 543820.91 90.75
197652.10 543730.91 97.39
197652.10 543640.91 72.93
197652.10 543550.91 62.58
197652.10 543460.91 53.96
197652.10 543370.91 45.48
197652.10 543280.91 35.46
197652.10 543190.91 29.45
197652.10 543100.91 29.41
197652.10 543010.91 34.09
197652.10 542920.91 49.98
197652.10 542830.91 39.61
197652.10 542740.91 19.68
197652.10 542650.91 18.83
197652.10 542560.91 18.26
197652.10 542470.91 24.47
197652.10 542380.91 29.24
197652.10 542290.91 30.42
197652.10 542200.91 27.26
197652.10 542110.91 27.86
197652.10 542020.91 43.51
197652.10 541930.91 39.87
197652.10 541840.91 39.30
197652.10 541750.91 39.01
197652.10 541660.91 40.91
197742.10 545710.91 3.07
197742.10 545620.91 3.10
197742.10 545530.91 3.14
197742.10 545440.91 3.02
197742.10 545350.91 3.04
197742.10 545260.91 3.24
197742.10 545170.91 8.18
197742.10 545080.91 18.67
197742.10 544990.91 25.90
197742.10 544900.91 17.31
197742.10 544810.91 16.38
197742.10 544720.91 15.88
197742.10 544630.91 15.21
197742.10 544540.91 13.41
197742.10 544450.91 15.16
197742.10 544360.91 17.31
197742.10 544270.91 23.86
197742.10 544180.91 45.77
197742.10 544090.91 58.96
197742.10 544000.91 81.12
197742.10 543910.91 94.45
197742.10 543820.91 80.57
197742.10 543730.91 72.17
197742.10 543640.91 83.86
197742.10 543550.91 61.72
197742.10 543460.91 47.12
197742.10 543370.91 48.10
197742.10 543280.91 43.67
197742.10 543190.91 32.37
197742.10 543100.91 25.58
197742.10 543010.91 24.94
197742.10 542920.91 33.49
197742.10 542830.91 51.36
197742.10 542740.91 26.55
197742.10 542650.91 18.83
197742.10 542560.91 17.32
197742.10 542470.91 20.24
197742.10 542380.91 25.69
197742.10 542290.91 21.54
197742.10 542200.91 21.44
197742.10 542110.91 28.44
197742.10 542020.91 35.67
197742.10 541930.91 34.07
197742.10 541840.91 32.26
197742.10 541750.91 33.44
197742.10 541660.91 38.61
197742.10 541570.91 37.83
197832.10 545620.91 3.06
197832.10 545530.91 3.04
197832.10 545440.91 3.00
197832.10 545350.91 3.00
197832.10 545260.91 3.10
197832.10 545170.91 6.88
197832.10 545080.91 15.85
197832.10 544990.91 18.55
197832.10 544900.91 16.07
197832.10 544810.91 15.59
197832.10 544720.91 13.98
197832.10 544630.91 14.90
197832.10 544540.91 14.56
197832.10 544450.91 16.11
197832.10 544360.91 19.91
197832.10 544270.91 33.01
197832.10 544180.91 67.58
197832.10 544090.91 83.30
197832.10 544000.91 90.74
197832.10 543910.91 91.64
197832.10 543820.91 76.12
197832.10 543730.91 53.91
197832.10 543640.91 75.34
197832.10 543550.91 60.81
197832.10 543460.91 41.98
197832.10 543370.91 40.43
197832.10 543280.91 39.69
197832.10 543190.91 36.80
197832.10 543100.91 35.47
197832.10 543010.91 22.69
197832.10 542920.91 23.01
197832.10 542830.91 32.93
197832.10 542740.91 25.15
197832.10 542650.91 17.47
197832.10 542560.91 16.24
197832.10 542470.91 17.19
197832.10 542380.91 18.18
197832.10 542290.91 18.44
197832.10 542200.91 26.22
197832.10 542110.91 33.37
197832.10 542020.91 28.84
197832.10 541930.91 28.81
197832.10 541840.91 26.39
197832.10 541750.91 27.80
197832.10 541660.91 30.07
197832.10 541570.91 31.23
197922.10 545530.91 3.19
197922.10 545440.91 2.98
197922.10 545350.91 2.98
197922.10 545260.91 3.11
197922.10 545170.91 6.52
197922.10 545080.91 13.62
197922.10 544990.91 17.81
197922.10 544900.91 14.29
197922.10 544810.91 13.58
197922.10 544720.91 11.29
197922.10 544630.91 14.14
197922.10 544540.91 15.58
197922.10 544450.91 18.14
197922.10 544360.91 27.85
197922.10 544270.91 45.78
197922.10 544180.91 79.48
197922.10 544090.91 86.43
197922.10 544000.91 75.05
197922.10 543910.91 76.45
197922.10 543820.91 66.53
197922.10 543730.91 45.01
197922.10 543640.91 47.84
197922.10 543550.91 50.77
197922.10 543460.91 40.24
197922.10 543370.91 32.20
197922.10 543280.91 33.90
197922.10 543190.91 36.63
197922.10 543100.91 38.45
197922.10 543010.91 33.32
197922.10 542920.91 20.22
197922.10 542830.91 20.18
197922.10 542740.91 21.08
197922.10 542650.91 15.71
197922.10 542560.91 15.28
197922.10 542470.91 15.66
197922.10 542380.91 16.49
197922.10 542290.91 18.03
197922.10 542200.91 23.56
197922.10 542110.91 28.15
197922.10 542020.91 23.33
197922.10 541930.91 24.15
197922.10 541840.91 22.94
197922.10 541750.91 24.52
197922.10 541660.91 27.77
197922.10 541570.91 32.42
198012.10 545530.91 3.27
198012.10 545440.91 3.07
198012.10 545350.91 3.00
198012.10 545260.91 2.98
198012.10 545170.91 3.58
198012.10 545080.91 4.81
198012.10 544990.91 8.48
198012.10 544900.91 14.82
198012.10 544810.91 14.29
198012.10 544720.91 13.56
198012.10 544630.91 15.47
198012.10 544540.91 17.26
198012.10 544450.91 23.17
198012.10 544360.91 39.57
198012.10 544270.91 60.86
198012.10 544180.91 79.22
198012.10 544090.91 66.40
198012.10 544000.91 55.27
198012.10 543910.91 45.86
198012.10 543820.91 48.17
198012.10 543730.91 39.10
198012.10 543640.91 30.11
198012.10 543550.91 29.08
198012.10 543460.91 39.34
198012.10 543370.91 31.50
198012.10 543280.91 24.06
198012.10 543190.91 20.58
198012.10 543100.91 32.12
198012.10 543010.91 36.98
198012.10 542920.91 30.01
198012.10 542830.91 21.31
198012.10 542740.91 16.76
198012.10 542650.91 15.67
198012.10 542560.91 15.29
198012.10 542470.91 15.10
198012.10 542380.91 15.30
198012.10 542290.91 15.73
198012.10 542200.91 17.40
198012.10 542110.91 18.95
198012.10 542020.91 19.02
198012.10 541930.91 22.00
198012.10 541840.91 23.03
198012.10 541750.91 25.36
198012.10 541660.91 29.43
198012.10 541570.91 33.55
198102.10 545440.91 3.05
198102.10 545350.91 2.96
198102.10 545260.91 3.05
198102.10 545170.91 4.80
198102.10 545080.91 6.08
198102.10 544990.91 7.87
198102.10 544900.91 9.70
198102.10 544810.91 16.44
198102.10 544720.91 13.90
198102.10 544630.91 16.04
198102.10 544540.91 21.14
198102.10 544450.91 29.69
198102.10 544360.91 47.47
198102.10 544270.91 66.97
198102.10 544180.91 62.90
198102.10 544090.91 69.75
198102.10 544000.91 44.69
198102.10 543910.91 30.98
198102.10 543820.91 37.71
198102.10 543730.91 40.25
198102.10 543640.91 28.58
198102.10 543550.91 22.05
198102.10 543460.91 32.74
198102.10 543370.91 33.12
198102.10 543280.91 20.53
198102.10 543190.91 15.95
198102.10 543100.91 27.84
198102.10 543010.91 26.94
198102.10 542920.91 21.00
198102.10 542830.91 17.01
198102.10 542740.91 15.15
198102.10 542650.91 15.02
198102.10 542560.91 14.99
198102.10 542470.91 14.83
198102.10 542380.91 14.74
198102.10 542290.91 15.08
198102.10 542200.91 15.89
198102.10 542110.91 17.35
198102.10 542020.91 17.73
198102.10 541930.91 23.05
198102.10 541840.91 24.24
198102.10 541750.91 29.07
198102.10 541660.91 39.97
198102.10 541570.91 49.73
198192.10 545350.91 2.95
198192.10 545260.91 3.07
198192.10 545170.91 5.63
198192.10 545080.91 7.19
198192.10 544990.91 14.96
198192.10 544900.91 11.49
198192.10 544810.91 7.70
198192.10 544720.91 14.63
198192.10 544630.91 22.66
198192.10 544540.91 27.30
198192.10 544450.91 48.80
198192.10 544360.91 61.69
198192.10 544270.91 47.51
198192.10 544180.91 43.87
198192.10 544090.91 62.00
198192.10 544000.91 45.25
198192.10 543910.91 22.67
198192.10 543820.91 25.75
198192.10 543730.91 39.43
198192.10 543640.91 35.17
198192.10 543550.91 20.91
198192.10 543460.91 18.73
198192.10 543370.91 22.68
198192.10 543280.91 16.24
198192.10 543190.91 14.02
198192.10 543100.91 16.09
198192.10 543010.91 15.31
198192.10 542920.91 14.45
198192.10 542830.91 14.60
198192.10 542740.91 14.77
198192.10 542650.91 14.60
198192.10 542560.91 14.71
198192.10 542470.91 14.98
198192.10 542380.91 14.94
198192.10 542290.91 15.40
198192.10 542200.91 16.14
198192.10 542110.91 16.43
198192.10 542020.91 17.27
198192.10 541930.91 22.55
198192.10 541840.91 21.34
198192.10 541750.91 28.61
198192.10 541660.91 35.80
198192.10 541570.91 41.07
198192.10 541480.91 48.16
198282.10 545350.91 2.94
198282.10 545260.91 3.05
198282.10 545170.91 4.83
198282.10 545080.91 7.72
198282.10 544990.91 16.01
198282.10 544900.91 14.51
198282.10 544810.91 10.94
198282.10 544720.91 14.01
198282.10 544630.91 37.24
198282.10 544540.91 45.67
198282.10 544450.91 67.64
198282.10 544360.91 63.44
198282.10 544270.91 34.94
198282.10 544180.91 30.27
198282.10 544090.91 48.28
198282.10 544000.91 34.47
198282.10 543910.91 17.61
198282.10 543820.91 17.86
198282.10 543730.91 39.15
198282.10 543640.91 30.70
198282.10 543550.91 22.69
198282.10 543460.91 14.34
198282.10 543370.91 14.97
198282.10 543280.91 13.92
198282.10 543190.91 13.14
198282.10 543100.91 13.49
198282.10 543010.91 13.73
198282.10 542920.91 14.20
198282.10 542830.91 14.23
198282.10 542740.91 14.53
198282.10 542650.91 14.82
198282.10 542560.91 14.88
198282.10 542470.91 15.02
198282.10 542380.91 15.03
198282.10 542290.91 15.91
198282.10 542200.91 16.52
198282.10 542110.91 16.57
198282.10 542020.91 17.43
198282.10 541930.91 19.19
198282.10 541840.91 19.06
198282.10 541750.91 23.03
198282.10 541660.91 29.27
198282.10 541570.91 32.94
198282.10 541480.91 44.04
198372.10 545260.91 3.04
198372.10 545170.91 4.59
198372.10 545080.91 8.19
198372.10 544990.91 16.49
198372.10 544900.91 14.97
198372.10 544810.91 13.95
198372.10 544720.91 8.91
198372.10 544630.91 46.64
198372.10 544540.91 70.02
198372.10 544450.91 69.31
198372.10 544360.91 40.54
198372.10 544270.91 28.08
198372.10 544180.91 19.85
198372.10 544090.91 27.84
198372.10 544000.91 22.69
198372.10 543910.91 14.68
198372.10 543820.91 15.15
198372.10 543730.91 22.88
198372.10 543640.91 28.46
198372.10 543550.91 23.22
198372.10 543460.91 13.59
198372.10 543370.91 13.55
198372.10 543280.91 14.06
198372.10 543190.91 13.65
198372.10 543100.91 14.03
198372.10 543010.91 14.30
198372.10 542920.91 14.48
198372.10 542830.91 15.15
198372.10 542740.91 15.43
198372.10 542650.91 15.07
198372.10 542560.91 15.15
198372.10 542470.91 15.43
198372.10 542380.91 15.70
198372.10 542290.91 16.12
198372.10 542200.91 16.20
198372.10 542110.91 16.50
198372.10 542020.91 17.40
198372.10 541930.91 17.80
198372.10 541840.91 14.60
198372.10 541750.91 20.54
198372.10 541660.91 22.37
198372.10 541570.91 24.26
198372.10 541480.91 29.14
198462.10 545170.91 6.23
198462.10 545080.91 8.75
198462.10 544990.91 17.17
198462.10 544900.91 15.02
198462.10 544810.91 14.53
198462.10 544720.91 13.61
198462.10 544630.91 20.07
198462.10 544540.91 54.04
198462.10 544450.91 64.69
198462.10 544360.91 32.66
198462.10 544270.91 17.71
198462.10 544180.91 14.64
198462.10 544090.91 15.78
198462.10 544000.91 14.98
198462.10 543910.91 13.99
198462.10 543820.91 14.20
198462.10 543730.91 15.58
198462.10 543640.91 17.61
198462.10 543550.91 15.77
198462.10 543460.91 13.84
198462.10 543370.91 13.87
198462.10 543280.91 13.76
198462.10 543190.91 13.29
198462.10 543100.91 12.79
198462.10 543010.91 12.99
198462.10 542920.91 14.54
198462.10 542830.91 15.14
198462.10 542740.91 14.58
198462.10 542650.91 14.77
198462.10 542560.91 14.79
198462.10 542470.91 14.80
198462.10 542380.91 15.08
198462.10 542290.91 15.05
198462.10 542200.91 15.70
198462.10 542110.91 16.64
198462.10 542020.91 17.77
198462.10 541930.91 18.03
198462.10 541840.91 17.24
198462.10 541750.91 20.11
198462.10 541660.91 21.66
198462.10 541570.91 23.25
198462.10 541480.91 25.22
198552.10 545170.91 6.81
198552.10 545080.91 8.74
198552.10 544990.91 16.90
198552.10 544900.91 14.74
198552.10 544810.91 14.51
198552.10 544720.91 14.46
198552.10 544630.91 11.25
198552.10 544540.91 22.67
198552.10 544450.91 50.90
198552.10 544360.91 36.30
198552.10 544270.91 16.31
198552.10 544180.91 14.20
198552.10 544090.91 14.45
198552.10 544000.91 14.30
198552.10 543910.91 14.49
198552.10 543820.91 14.49
198552.10 543730.91 14.75
198552.10 543640.91 14.84
198552.10 543550.91 14.17
198552.10 543460.91 13.73
198552.10 543370.91 13.45
198552.10 543280.91 13.23
198552.10 543190.91 13.15
198552.10 543100.91 12.40
198552.10 543010.91 12.38
198552.10 542920.91 15.50
198552.10 542830.91 15.96
198552.10 542740.91 14.62
198552.10 542650.91 14.56
198552.10 542560.91 14.85
198552.10 542470.91 15.06
198552.10 542380.91 14.76
198552.10 542290.91 15.06
198552.10 542200.91 15.92
198552.10 542110.91 16.28
198552.10 542020.91 17.66
198552.10 541930.91 19.30
198552.10 541840.91 19.81
198552.10 541750.91 21.99
198552.10 541660.91 28.37
198552.10 541570.91 31.32
198552.10 541480.91 31.90
198642.10 545080.91 11.74
198642.10 544990.91 15.53
198642.10 544900.91 14.63
198642.10 544810.91 14.51
198642.10 544720.91 14.45
198642.10 544630.91 13.70
198642.10 544540.91 11.00
198642.10 544450.91 20.61
198642.10 544360.91 19.58
198642.10 544270.91 15.62
198642.10 544180.91 14.60
198642.10 544090.91 14.60
198642.10 544000.91 14.60
198642.10 543910.91 14.79
198642.10 543820.91 14.57
198642.10 543730.91 14.76
198642.10 543640.91 14.71
198642.10 543550.91 14.63
198642.10 543460.91 13.81
198642.10 543370.91 12.49
198642.10 543280.91 12.34
198642.10 543190.91 12.62
198642.10 543100.91 12.20
198642.10 543010.91 14.66
198642.10 542920.91 16.64
198642.10 542830.91 16.87
198642.10 542740.91 14.66
198642.10 542650.91 14.87
198642.10 542560.91 15.31
198642.10 542470.91 16.39
198642.10 542380.91 16.25
198642.10 542290.91 16.22
198642.10 542200.91 16.64
198642.10 542110.91 17.33
198642.10 542020.91 17.87
198642.10 541930.91 20.98
198642.10 541840.91 22.94
198642.10 541750.91 33.95
198642.10 541660.91 49.76
198642.10 541570.91 42.85
198732.10 544990.91 15.43
198732.10 544900.91 14.49
198732.10 544810.91 14.61
198732.10 544720.91 14.43
198732.10 544630.91 14.36
198732.10 544540.91 13.68
198732.10 544450.91 14.53
198732.10 544360.91 13.08
198732.10 544270.91 14.87
198732.10 544180.91 14.55
198732.10 544090.91 14.52
198732.10 544000.91 14.51
198732.10 543910.91 14.82
198732.10 543820.91 15.29
198732.10 543730.91 14.99
198732.10 543640.91 14.70
198732.10 543550.91 14.80
198732.10 543460.91 14.41
198732.10 543370.91 13.97
198732.10 543280.91 15.20
198732.10 543190.91 18.02
198732.10 543100.91 17.86
198732.10 543010.91 17.46
198732.10 542920.91 18.55
198732.10 542830.91 19.98
198732.10 542740.91 24.23
198732.10 542650.91 26.30
198732.10 542560.91 24.73
198732.10 542470.91 22.23
198732.10 542380.91 22.33
198732.10 542290.91 28.27
198732.10 542200.91 32.00
198732.10 542110.91 23.37
198732.10 542020.91 23.55
198732.10 541930.91 25.61
198732.10 541840.91 27.88
198732.10 541750.91 48.32
198732.10 541660.91 50.46
198732.10 541570.91 63.86
198822.10 544990.91 15.28
198822.10 544900.91 14.56
198822.10 544810.91 14.89
198822.10 544720.91 14.61
198822.10 544630.91 14.39
198822.10 544540.91 14.46
198822.10 544450.91 14.63
198822.10 544360.91 14.62
198822.10 544270.91 14.61
198822.10 544180.91 14.51
198822.10 544090.91 14.59
198822.10 544000.91 14.58
198822.10 543910.91 14.73
198822.10 543820.91 15.02
198822.10 543730.91 15.01
198822.10 543640.91 14.81
198822.10 543550.91 14.77
198822.10 543460.91 15.14
198822.10 543370.91 16.12
198822.10 543280.91 19.56
198822.10 543190.91 23.17
198822.10 543100.91 22.45
198822.10 543010.91 20.94
198822.10 542920.91 21.44
198822.10 542830.91 20.43
198822.10 542740.91 29.35
198822.10 542650.91 32.46
198822.10 542560.91 31.48
198822.10 542470.91 30.40
198822.10 542380.91 28.29
198822.10 542290.91 41.91
198822.10 542200.91 47.93
198822.10 542110.91 29.11
198822.10 542020.91 27.00
198822.10 541930.91 28.47
198822.10 541840.91 29.35
198822.10 541750.91 35.31
198912.10 544900.91 14.50
198912.10 544810.91 14.51
198912.10 544720.91 14.54
198912.10 544630.91 14.45
198912.10 544540.91 14.45
198912.10 544450.91 14.46
198912.10 544360.91 13.64
198912.10 544270.91 14.65
198912.10 544180.91 15.11
198912.10 544090.91 14.55
198912.10 544000.91 14.56
198912.10 543910.91 14.80
198912.10 543820.91 14.58
198912.10 543730.91 14.42
198912.10 543640.91 14.42
198912.10 543550.91 14.87
198912.10 543460.91 15.73
198912.10 543370.91 18.36
198912.10 543280.91 23.20
198912.10 543190.91 28.25
198912.10 543100.91 28.58
198912.10 543010.91 26.62
198912.10 542920.91 28.12
198912.10 542830.91 26.43
198912.10 542740.91 34.28
198912.10 542650.91 39.22
198912.10 542560.91 41.20
198912.10 542470.91 43.85
198912.10 542380.91 43.30
198912.10 542290.91 49.02
198912.10 542200.91 49.21
199002.10 544810.91 14.24
199002.10 544720.91 14.53
199002.10 544630.91 14.44
199002.10 544540.91 14.46
199002.10 544450.91 14.43
199002.10 544360.91 8.39
199002.10 544270.91 15.00
199002.10 544180.91 16.82
199002.10 544090.91 16.76
199002.10 544000.91 14.75
199002.10 543910.91 14.60
199002.10 543820.91 14.49
199002.10 543730.91 14.37
199002.10 543640.91 14.56
199002.10 543550.91 14.97
199002.10 543460.91 15.23
199002.10 543370.91 17.78
199002.10 543280.91 22.47
199002.10 543190.91 28.52
199002.10 543100.91 32.76
199002.10 543010.91 33.06
199002.10 542920.91 33.93
199092.10 544720.91 14.37
199092.10 544630.91 14.23
199092.10 544540.91 14.51
199092.10 544450.91 14.92
199092.10 544360.91 13.48
199092.10 544270.91 16.67
199092.10 544180.91 19.26
199092.10 544090.91 22.76
199092.10 544000.91 19.78
199092.10 543910.91 14.42
199092.10 543820.91 14.93
199092.10 543730.91 14.62
199092.10 543640.91 14.56
199182.10 544540.91 13.81
199182.10 544450.91 12.11
199182.10 544360.91 16.92
199182.10 544270.91 18.89
