188459.69 543061.35 10.93
188459.69 542971.35 11.35
188459.69 542881.35 11.40
188459.69 542791.35 11.39
188459.69 542701.35 11.76
188549.69 543151.35 9.33
188549.69 543061.35 11.27
188549.69 542971.35 12.48
188549.69 542881.35 12.64
188549.69 542791.35 12.62
188549.69 542701.35 11.81
188549.69 542611.35 11.96
188549.69 542521.35 11.95
188549.69 542431.35 11.90
188639.69 543241.35 8.98
188639.69 543151.35 10.44
188639.69 543061.35 12.15
188639.69 542971.35 11.44
188639.69 542881.35 9.51
188639.69 542791.35 8.34
188639.69 542701.35 7.48
188639.69 542611.35 8.51
188639.69 542521.35 10.53
188639.69 542431.35 11.89
188639.69 542341.35 12.03
188639.69 542251.35 12.03
188639.69 542161.35 12.57
188729.69 543331.35 7.66
188729.69 543241.35 8.94
188729.69 543151.35 9.37
188729.69 543061.35 9.68
188729.69 542971.35 10.26
188729.69 542881.35 11.94
188729.69 542791.35 11.79
188729.69 542701.35 9.12
188729.69 542611.35 7.38
188729.69 542521.35 7.05
188729.69 542431.35 7.69
188729.69 542341.35 8.87
188729.69 542251.35 11.19
188729.69 542161.35 12.50
188729.69 542071.35 12.28
188729.69 541981.35 13.19
188729.69 541891.35 14.98
188819.69 543331.35 7.19
188819.69 543241.35 8.61
188819.69 543151.35 8.61
188819.69 543061.35 8.56
188819.69 542971.35 9.07
188819.69 542881.35 10.21
188819.69 542791.35 10.46
188819.69 542701.35 9.59
188819.69 542611.35 9.07
188819.69 542521.35 9.74
188819.69 542431.35 9.44
188819.69 542341.35 7.43
188819.69 542251.35 7.21
188819.69 542161.35 8.34
188819.69 542071.35 10.67
188819.69 541981.35 12.70
188819.69 541891.35 12.72
188819.69 541801.35 12.84
188819.69 541711.35 12.52
188819.69 541621.35 12.41
188909.69 543331.35 7.11
188909.69 543241.35 8.35
188909.69 543151.35 8.42
188909.69 543061.35 8.94
188909.69 542971.35 9.57
188909.69 542881.35 9.39
188909.69 542791.35 9.14
188909.69 542701.35 8.63
188909.69 542611.35 8.42
188909.69 542521.35 9.64
188909.69 542431.35 9.82
188909.69 542341.35 9.71
188909.69 542251.35 9.57
188909.69 542161.35 8.00
188909.69 542071.35 7.69
188909.69 541981.35 9.50
188909.69 541891.35 11.74
188909.69 541801.35 12.76
188909.69 541711.35 12.34
188909.69 541621.35 12.42
188909.69 541531.35 12.79
188909.69 541441.35 12.88
188909.69 541351.35 12.88
188909.69 541261.35 13.58
188999.69 543331.35 8.71
188999.69 543241.35 9.06
188999.69 543151.35 8.86
188999.69 543061.35 9.50
188999.69 542971.35 10.18
188999.69 542881.35 9.56
188999.69 542791.35 9.06
188999.69 542701.35 8.90
188999.69 542611.35 8.84
188999.69 542521.35 9.22
188999.69 542431.35 9.49
188999.69 542341.35 10.15
188999.69 542251.35 10.42
188999.69 542161.35 9.56
188999.69 542071.35 8.72
188999.69 541981.35 7.90
188999.69 541891.35 7.77
188999.69 541801.35 9.29
188999.69 541711.35 11.89
188999.69 541621.35 12.96
188999.69 541531.35 12.62
188999.69 541441.35 12.78
188999.69 541351.35 13.29
188999.69 541261.35 14.08
188999.69 541171.35 13.47
188999.69 541081.35 12.38
188999.69 540991.35 12.05
189089.69 543331.35 9.44
189089.69 543241.35 9.56
189089.69 543151.35 9.57
189089.69 543061.35 9.61
189089.69 542971.35 9.59
189089.69 542881.35 9.18
189089.69 542791.35 9.02
189089.69 542701.35 8.98
189089.69 542611.35 9.21
189089.69 542521.35 9.08
189089.69 542431.35 9.25
189089.69 542341.35 9.72
189089.69 542251.35 9.75
189089.69 542161.35 9.59
189089.69 542071.35 9.45
189089.69 541981.35 10.37
189089.69 541891.35 9.82
189089.69 541801.35 7.68
189089.69 541711.35 7.86
189089.69 541621.35 9.83
189089.69 541531.35 11.47
189089.69 541441.35 12.17
189089.69 541351.35 12.79
189089.69 541261.35 12.76
189089.69 541171.35 12.80
189089.69 541081.35 12.74
189089.69 540991.35 12.21
189089.69 540901.35 12.07
189089.69 540811.35 11.72
189089.69 540721.35 11.42
189179.69 543331.35 9.31
189179.69 543241.35 9.35
189179.69 543151.35 9.14
189179.69 543061.35 9.10
189179.69 542971.35 9.44
189179.69 542881.35 9.33
189179.69 542791.35 9.14
189179.69 542701.35 8.98
189179.69 542611.35 8.99
189179.69 542521.35 8.99
189179.69 542431.35 9.26
189179.69 542341.35 9.60
189179.69 542251.35 9.51
189179.69 542161.35 9.26
189179.69 542071.35 9.34
189179.69 541981.35 10.49
189179.69 541891.35 10.39
189179.69 541801.35 10.57
189179.69 541711.35 9.86
189179.69 541621.35 7.58
189179.69 541531.35 8.03
189179.69 541441.35 10.71
189179.69 541351.35 12.57
189179.69 541261.35 10.65
189179.69 541171.35 10.59
189179.69 541081.35 11.94
189179.69 540991.35 11.90
189179.69 540901.35 11.96
189179.69 540811.35 11.74
189179.69 540721.35 11.55
189179.69 540631.35 11.71
189179.69 540541.35 12.01
189179.69 540451.35 11.99
189269.69 543241.35 9.29
189269.69 543151.35 10.03
189269.69 543061.35 10.12
189269.69 542971.35 9.18
189269.69 542881.35 9.26
189269.69 542791.35 9.33
189269.69 542701.35 9.31
189269.69 542611.35 9.24
189269.69 542521.35 9.26
189269.69 542431.35 9.39
189269.69 542341.35 9.32
189269.69 542251.35 9.11
189269.69 542161.35 9.00
189269.69 542071.35 9.32
189269.69 541981.35 10.20
189269.69 541891.35 9.17
189269.69 541801.35 9.15
189269.69 541711.35 10.51
189269.69 541621.35 10.24
189269.69 541531.35 8.83
189269.69 541441.35 7.70
189269.69 541351.35 10.14
189269.69 541261.35 9.80
189269.69 541171.35 7.90
189269.69 541081.35 8.89
189269.69 540991.35 10.50
189269.69 540901.35 11.75
189269.69 540811.35 11.72
189269.69 540721.35 11.70
189269.69 540631.35 11.89
189269.69 540541.35 11.75
189269.69 540451.35 11.47
189269.69 540361.35 11.33
189269.69 540271.35 11.20
189269.69 540181.35 11.36
189359.69 543241.35 9.39
189359.69 543151.35 16.16
189359.69 543061.35 19.08
189359.69 542971.35 13.44
189359.69 542881.35 10.29
189359.69 542791.35 9.49
189359.69 542701.35 9.33
189359.69 542611.35 9.25
189359.69 542521.35 9.14
189359.69 542431.35 9.32
189359.69 542341.35 9.42
189359.69 542251.35 9.43
189359.69 542161.35 9.41
189359.69 542071.35 9.63
189359.69 541981.35 9.87
189359.69 541891.35 9.24
189359.69 541801.35 9.09
189359.69 541711.35 9.94
189359.69 541621.35 10.35
189359.69 541531.35 9.94
189359.69 541441.35 9.01
189359.69 541351.35 8.93
189359.69 541261.35 7.92
189359.69 541171.35 7.84
189359.69 541081.35 9.89
189359.69 540991.35 10.84
189359.69 540901.35 11.60
189359.69 540811.35 12.00
189359.69 540721.35 11.81
189359.69 540631.35 12.05
189359.69 540541.35 11.85
189359.69 540451.35 11.45
189359.69 540361.35 11.28
189359.69 540271.35 11.19
189359.69 540181.35 11.43
189359.69 540091.35 11.78
189359.69 540001.35 11.97
189359.69 539911.35 12.08
189449.69 543241.35 13.21
189449.69 543151.35 21.51
189449.69 543061.35 23.15
189449.69 542971.35 16.11
189449.69 542881.35 12.09
189449.69 542791.35 10.76
189449.69 542701.35 9.92
189449.69 542611.35 9.35
189449.69 542521.35 9.21
189449.69 542431.35 9.46
189449.69 542341.35 9.29
189449.69 542251.35 9.33
189449.69 542161.35 9.53
189449.69 542071.35 9.63
189449.69 541981.35 9.72
189449.69 541891.35 9.58
189449.69 541801.35 9.60
189449.69 541711.35 9.77
189449.69 541621.35 9.67
189449.69 541531.35 9.83
189449.69 541441.35 10.05
189449.69 541351.35 10.24
189449.69 541261.35 9.96
189449.69 541171.35 8.50
189449.69 541081.35 8.20
189449.69 540991.35 10.83
189449.69 540901.35 12.46
189449.69 540811.35 12.52
189449.69 540721.35 12.70
189449.69 540631.35 12.22
189449.69 540541.35 12.01
189449.69 540451.35 11.71
189449.69 540361.35 11.50
189449.69 540271.35 11.40
189449.69 540181.35 11.69
189449.69 540091.35 11.66
189449.69 540001.35 11.70
189449.69 539911.35 12.00
189449.69 539821.35 12.27
189449.69 539731.35 12.12
189449.69 539641.35 12.67
189539.69 543151.35 22.68
189539.69 543061.35 23.79
189539.69 542971.35 21.69
189539.69 542881.35 15.36
189539.69 542791.35 10.78
189539.69 542701.35 9.41
189539.69 542611.35 9.10
189539.69 542521.35 9.57
189539.69 542431.35 10.09
189539.69 542341.35 9.59
189539.69 542251.35 9.43
189539.69 542161.35 9.37
189539.69 542071.35 9.32
189539.69 541981.35 9.44
189539.69 541891.35 9.42
189539.69 541801.35 9.50
189539.69 541711.35 9.84
189539.69 541621.35 10.10
189539.69 541531.35 10.13
189539.69 541441.35 10.06
189539.69 541351.35 10.14
189539.69 541261.35 10.41
189539.69 541171.35 10.83
189539.69 541081.35 9.51
189539.69 540991.35 8.10
189539.69 540901.35 9.80
189539.69 540811.35 11.72
189539.69 540721.35 12.34
189539.69 540631.35 12.48
189539.69 540541.35 12.49
189539.69 540451.35 12.00
189539.69 540361.35 12.01
189539.69 540271.35 12.00
189539.69 540181.35 11.96
189539.69 540091.35 11.80
189539.69 540001.35 11.64
189539.69 539911.35 11.76
189539.69 539821.35 12.13
189539.69 539731.35 12.08
189539.69 539641.35 12.32
189539.69 539551.35 13.65
189539.69 539461.35 15.72
189629.69 543151.35 19.44
189629.69 543061.35 21.50
189629.69 542971.35 19.85
189629.69 542881.35 13.85
189629.69 542791.35 10.80
189629.69 542701.35 9.27
189629.69 542611.35 9.09
189629.69 542521.35 9.24
189629.69 542431.35 9.45
189629.69 542341.35 9.14
189629.69 542251.35 9.57
189629.69 542161.35 9.74
189629.69 542071.35 9.35
189629.69 541981.35 9.33
189629.69 541891.35 9.15
189629.69 541801.35 9.42
189629.69 541711.35 9.89
189629.69 541621.35 10.20
189629.69 541531.35 10.29
189629.69 541441.35 10.26
189629.69 541351.35 10.20
189629.69 541261.35 10.14
189629.69 541171.35 10.50
189629.69 541081.35 10.68
189629.69 540991.35 9.73
189629.69 540901.35 8.46
189629.69 540811.35 8.79
189629.69 540721.35 11.96
189629.69 540631.35 14.05
189629.69 540541.35 13.19
189629.69 540451.35 12.37
189629.69 540361.35 12.29
189629.69 540271.35 12.29
189629.69 540181.35 12.06
189629.69 540091.35 11.72
189629.69 540001.35 11.63
189629.69 539911.35 11.76
189629.69 539821.35 11.89
189629.69 539731.35 12.08
189629.69 539641.35 12.21
189629.69 539551.35 12.62
189629.69 539461.35 14.01
189629.69 539371.35 14.92
189629.69 539281.35 15.47
189719.69 543151.35 18.12
189719.69 543061.35 21.98
189719.69 542971.35 23.27
189719.69 542881.35 18.93
189719.69 542791.35 13.17
189719.69 542701.35 10.02
189719.69 542611.35 9.30
189719.69 542521.35 8.94
189719.69 542431.35 8.86
189719.69 542341.35 8.87
189719.69 542251.35 9.42
189719.69 542161.35 9.59
189719.69 542071.35 9.67
189719.69 541981.35 9.71
189719.69 541891.35 9.32
189719.69 541801.35 9.57
189719.69 541711.35 9.68
189719.69 541621.35 9.70
189719.69 541531.35 9.78
189719.69 541441.35 10.11
189719.69 541351.35 10.38
189719.69 541261.35 10.34
189719.69 541171.35 10.44
189719.69 541081.35 10.67
189719.69 540991.35 10.54
189719.69 540901.35 10.60
189719.69 540811.35 9.38
189719.69 540721.35 8.48
189719.69 540631.35 11.03
189719.69 540541.35 13.02
189719.69 540451.35 13.11
189719.69 540361.35 12.65
189719.69 540271.35 12.11
189719.69 540181.35 11.79
189719.69 540091.35 11.75
189719.69 540001.35 11.99
189719.69 539911.35 12.00
189719.69 539821.35 11.72
189719.69 539731.35 11.87
189719.69 539641.35 12.13
189719.69 539551.35 12.35
189719.69 539461.35 12.28
189719.69 539371.35 12.94
189719.69 539281.35 14.81
189719.69 539191.35 16.05
189809.69 543151.35 17.12
189809.69 543061.35 19.56
189809.69 542971.35 22.01
189809.69 542881.35 23.69
189809.69 542791.35 20.72
189809.69 542701.35 14.05
189809.69 542611.35 10.21
189809.69 542521.35 8.94
189809.69 542431.35 8.86
189809.69 542341.35 9.10
189809.69 542251.35 9.25
189809.69 542161.35 9.32
189809.69 542071.35 9.38
189809.69 541981.35 9.44
189809.69 541891.35 9.46
189809.69 541801.35 9.77
189809.69 541711.35 9.94
189809.69 541621.35 9.80
189809.69 541531.35 9.86
189809.69 541441.35 9.87
189809.69 541351.35 10.09
189809.69 541261.35 10.27
189809.69 541171.35 10.44
189809.69 541081.35 10.60
189809.69 540991.35 10.54
189809.69 540901.35 10.86
189809.69 540811.35 11.07
189809.69 540721.35 10.02
189809.69 540631.35 9.72
189809.69 540541.35 11.85
189809.69 540451.35 13.02
189809.69 540361.35 13.01
189809.69 540271.35 12.74
189809.69 540181.35 11.95
189809.69 540091.35 12.04
189809.69 540001.35 12.15
189809.69 539911.35 12.09
189809.69 539821.35 11.86
189809.69 539731.35 11.73
189809.69 539641.35 11.65
189809.69 539551.35 12.31
189809.69 539461.35 12.88
189809.69 539371.35 13.01
189809.69 539281.35 12.81
189809.69 539191.35 14.38
189809.69 539101.35 16.95
189899.69 543061.35 22.55
189899.69 542971.35 25.03
189899.69 542881.35 26.67
189899.69 542791.35 22.10
189899.69 542701.35 13.86
189899.69 542611.35 10.39
189899.69 542521.35 9.38
189899.69 542431.35 8.52
189899.69 542341.35 8.40
189899.69 542251.35 9.07
189899.69 542161.35 9.32
189899.69 542071.35 9.25
189899.69 541981.35 9.31
189899.69 541891.35 9.61
189899.69 541801.35 9.72
189899.69 541711.35 9.66
189899.69 541621.35 9.85
189899.69 541531.35 10.24
189899.69 541441.35 10.07
189899.69 541351.35 10.03
189899.69 541261.35 10.12
189899.69 541171.35 10.14
189899.69 541081.35 9.27
189899.69 540991.35 5.84
189899.69 540901.35 5.58
189899.69 540811.35 9.63
189899.69 540721.35 11.00
189899.69 540631.35 9.37
189899.69 540541.35 8.45
189899.69 540451.35 10.61
189899.69 540361.35 12.28
189899.69 540271.35 11.96
189899.69 540181.35 11.96
189899.69 540091.35 12.35
189899.69 540001.35 12.40
189899.69 539911.35 12.28
189899.69 539821.35 11.99
189899.69 539731.35 11.90
189899.69 539641.35 12.14
189899.69 539551.35 12.15
189899.69 539461.35 12.66
189899.69 539371.35 13.32
189899.69 539281.35 13.15
189899.69 539191.35 12.88
189899.69 539101.35 12.58
189899.69 539011.35 12.88
189989.69 543061.35 25.71
189989.69 542971.35 23.90
189989.69 542881.35 23.98
189989.69 542791.35 19.87
189989.69 542701.35 12.69
189989.69 542611.35 10.39
189989.69 542521.35 9.90
189989.69 542431.35 9.24
189989.69 542341.35 8.90
189989.69 542251.35 9.24
189989.69 542161.35 9.32
189989.69 542071.35 9.28
189989.69 541981.35 9.48
189989.69 541891.35 9.75
189989.69 541801.35 9.77
189989.69 541711.35 9.89
189989.69 541621.35 10.51
189989.69 541531.35 10.59
189989.69 541441.35 10.30
189989.69 541351.35 10.33
189989.69 541261.35 10.26
189989.69 541171.35 10.19
189989.69 541081.35 9.82
189989.69 540991.35 8.28
189989.69 540901.35 8.11
189989.69 540811.35 9.94
189989.69 540721.35 10.67
189989.69 540631.35 11.25
189989.69 540541.35 10.14
189989.69 540451.35 8.49
189989.69 540361.35 9.59
189989.69 540271.35 11.62
189989.69 540181.35 12.51
189989.69 540091.35 12.29
189989.69 540001.35 12.38
189989.69 539911.35 12.30
189989.69 539821.35 11.92
189989.69 539731.35 11.79
189989.69 539641.35 11.94
189989.69 539551.35 12.03
189989.69 539461.35 12.34
189989.69 539371.35 12.46
189989.69 539281.35 13.08
189989.69 539191.35 13.55
189989.69 539101.35 12.93
189989.69 539011.35 13.27
189989.69 538921.35 13.87
189989.69 538831.35 13.69
190079.69 543061.35 19.11
190079.69 542971.35 19.43
190079.69 542881.35 22.16
190079.69 542791.35 20.73
190079.69 542701.35 15.52
190079.69 542611.35 12.22
190079.69 542521.35 10.76
190079.69 542431.35 10.31
190079.69 542341.35 10.16
190079.69 542251.35 10.07
190079.69 542161.35 9.64
190079.69 542071.35 9.55
190079.69 541981.35 9.74
190079.69 541891.35 9.82
190079.69 541801.35 10.60
190079.69 541711.35 11.40
190079.69 541621.35 11.68
190079.69 541531.35 14.09
190079.69 541441.35 13.98
190079.69 541351.35 10.95
190079.69 541261.35 10.96
190079.69 541171.35 11.07
190079.69 541081.35 11.18
190079.69 540991.35 11.20
190079.69 540901.35 10.92
190079.69 540811.35 10.69
190079.69 540721.35 10.71
190079.69 540631.35 11.49
190079.69 540541.35 11.54
190079.69 540451.35 10.87
190079.69 540361.35 12.25
190079.69 540271.35 12.06
190079.69 540181.35 9.61
190079.69 540091.35 9.89
190079.69 540001.35 12.17
190079.69 539911.35 12.86
190079.69 539821.35 12.10
190079.69 539731.35 12.13
190079.69 539641.35 12.13
190079.69 539551.35 12.40
190079.69 539461.35 12.50
190079.69 539371.35 12.07
190079.69 539281.35 12.08
190079.69 539191.35 12.58
190079.69 539101.35 13.09
190079.69 539011.35 13.88
190079.69 538921.35 14.27
190079.69 538831.35 14.18
190079.69 538741.35 14.11
190169.69 543061.35 15.16
190169.69 542971.35 16.70
190169.69 542881.35 19.32
190169.69 542791.35 21.71
190169.69 542701.35 19.46
190169.69 542611.35 14.49
190169.69 542521.35 12.76
190169.69 542431.35 11.78
190169.69 542341.35 11.37
190169.69 542251.35 10.99
190169.69 542161.35 10.59
190169.69 542071.35 10.34
190169.69 541981.35 10.27
190169.69 541891.35 10.59
190169.69 541801.35 11.68
190169.69 541711.35 12.69
190169.69 541621.35 14.13
190169.69 541531.35 16.43
190169.69 541441.35 14.58
190169.69 541351.35 11.53
190169.69 541261.35 11.85
190169.69 541171.35 11.94
190169.69 541081.35 12.18
190169.69 540991.35 12.15
190169.69 540901.35 11.92
190169.69 540811.35 11.67
190169.69 540721.35 11.50
190169.69 540631.35 11.85
190169.69 540541.35 12.73
190169.69 540451.35 13.46
190169.69 540361.35 14.08
190169.69 540271.35 14.29
190169.69 540181.35 12.32
190169.69 540091.35 9.73
190169.69 540001.35 9.12
190169.69 539911.35 11.10
190169.69 539821.35 12.29
190169.69 539731.35 12.20
190169.69 539641.35 12.57
190169.69 539551.35 12.72
190169.69 539461.35 12.52
190169.69 539371.35 12.10
190169.69 539281.35 12.06
190169.69 539191.35 12.04
190169.69 539101.35 12.47
190169.69 539011.35 13.43
190169.69 538921.35 13.96
190169.69 538831.35 14.13
190169.69 538741.35 14.13
190169.69 538651.35 14.28
190259.69 542971.35 16.05
190259.69 542881.35 19.26
190259.69 542791.35 23.29
190259.69 542701.35 21.82
190259.69 542611.35 18.40
190259.69 542521.35 20.46
190259.69 542431.35 20.41
190259.69 542341.35 16.22
190259.69 542251.35 13.23
190259.69 542161.35 12.58
190259.69 542071.35 11.82
190259.69 541981.35 11.43
190259.69 541891.35 11.55
190259.69 541801.35 12.95
190259.69 541711.35 15.57
190259.69 541621.35 17.06
190259.69 541531.35 15.67
190259.69 541441.35 12.95
190259.69 541351.35 11.89
190259.69 541261.35 12.42
190259.69 541171.35 12.74
190259.69 541081.35 12.86
190259.69 540991.35 12.72
190259.69 540901.35 12.36
190259.69 540811.35 12.24
190259.69 540721.35 12.19
190259.69 540631.35 13.25
190259.69 540541.35 14.32
190259.69 540451.35 13.34
190259.69 540361.35 13.55
190259.69 540271.35 15.31
190259.69 540181.35 15.57
190259.69 540091.35 14.25
190259.69 540001.35 11.29
190259.69 539911.35 9.50
190259.69 539821.35 10.96
190259.69 539731.35 12.55
190259.69 539641.35 13.46
190259.69 539551.35 13.52
190259.69 539461.35 12.55
190259.69 539371.35 12.02
190259.69 539281.35 12.09
190259.69 539191.35 12.31
190259.69 539101.35 12.42
190259.69 539011.35 13.24
190259.69 538921.35 14.39
190259.69 538831.35 14.45
190259.69 538741.35 14.26
190259.69 538651.35 14.32
190259.69 538561.35 14.80
190349.69 542971.35 15.29
190349.69 542881.35 17.54
190349.69 542791.35 21.03
190349.69 542701.35 23.43
190349.69 542611.35 23.88
190349.69 542521.35 24.33
190349.69 542431.35 22.02
190349.69 542341.35 18.40
190349.69 542251.35 17.78
190349.69 542161.35 17.26
190349.69 542071.35 14.14
190349.69 541981.35 13.09
190349.69 541891.35 14.10
190349.69 541801.35 16.01
190349.69 541711.35 18.68
190349.69 541621.35 20.04
190349.69 541531.35 17.05
190349.69 541441.35 12.98
190349.69 541351.35 12.16
190349.69 541261.35 12.52
190349.69 541171.35 13.05
190349.69 541081.35 13.21
190349.69 540991.35 12.99
190349.69 540901.35 12.66
190349.69 540811.35 12.44
190349.69 540721.35 12.55
190349.69 540631.35 13.97
190349.69 540541.35 16.04
190349.69 540451.35 15.66
190349.69 540361.35 15.69
190349.69 540271.35 16.60
190349.69 540181.35 15.16
190349.69 540091.35 14.09
190349.69 540001.35 13.70
190349.69 539911.35 11.13
190349.69 539821.35 9.10
190349.69 539731.35 9.47
190349.69 539641.35 11.12
190349.69 539551.35 13.43
190349.69 539461.35 13.37
190349.69 539371.35 12.33
190349.69 539281.35 12.14
190349.69 539191.35 12.43
190349.69 539101.35 12.57
190349.69 539011.35 13.36
190349.69 538921.35 14.49
190349.69 538831.35 14.51
190349.69 538741.35 14.51
190349.69 538651.35 14.70
190349.69 538561.35 15.10
190349.69 538471.35 15.19
190439.69 542971.35 15.39
190439.69 542881.35 15.99
190439.69 542791.35 18.75
190439.69 542701.35 21.91
190439.69 542611.35 23.82
190439.69 542521.35 24.40
190439.69 542431.35 23.10
190439.69 542341.35 22.07
190439.69 542251.35 20.44
190439.69 542161.35 18.50
190439.69 542071.35 15.77
190439.69 541981.35 14.25
190439.69 541891.35 15.27
190439.69 541801.35 17.48
190439.69 541711.35 19.48
190439.69 541621.35 20.64
190439.69 541531.35 19.16
190439.69 541441.35 14.95
190439.69 541351.35 12.80
190439.69 541261.35 12.90
190439.69 541171.35 13.65
190439.69 541081.35 14.17
190439.69 540991.35 14.42
190439.69 540901.35 15.36
190439.69 540811.35 15.64
190439.69 540721.35 14.10
190439.69 540631.35 16.65
190439.69 540541.35 20.38
190439.69 540451.35 19.91
190439.69 540361.35 23.71
190439.69 540271.35 28.12
190439.69 540181.35 22.46
190439.69 540091.35 15.22
190439.69 540001.35 13.90
190439.69 539911.35 12.81
190439.69 539821.35 12.18
190439.69 539731.35 11.05
190439.69 539641.35 9.38
190439.69 539551.35 9.65
190439.69 539461.35 10.73
190439.69 539371.35 12.42
190439.69 539281.35 13.13
190439.69 539191.35 12.44
190439.69 539101.35 12.74
190439.69 539011.35 14.06
190439.69 538921.35 14.45
190439.69 538831.35 14.38
190439.69 538741.35 14.59
190439.69 538651.35 14.67
190439.69 538561.35 14.78
190439.69 538471.35 15.06
190439.69 538381.35 15.12
190439.69 538291.35 15.01
190529.69 542971.35 14.97
190529.69 542881.35 15.08
190529.69 542791.35 16.44
190529.69 542701.35 19.53
190529.69 542611.35 21.49
190529.69 542521.35 23.01
190529.69 542431.35 24.90
190529.69 542341.35 24.71
190529.69 542251.35 23.29
190529.69 542161.35 20.95
190529.69 542071.35 17.51
190529.69 541981.35 16.30
190529.69 541891.35 17.70
190529.69 541801.35 18.52
190529.69 541711.35 19.07
190529.69 541621.35 20.29
190529.69 541531.35 18.94
190529.69 541441.35 15.15
190529.69 541351.35 13.67
190529.69 541261.35 13.68
190529.69 541171.35 15.14
190529.69 541081.35 18.19
190529.69 540991.35 20.44
190529.69 540901.35 19.70
190529.69 540811.35 19.78
190529.69 540721.35 18.23
190529.69 540631.35 19.54
190529.69 540541.35 24.80
190529.69 540451.35 24.50
190529.69 540361.35 24.26
190529.69 540271.35 24.94
190529.69 540181.35 21.20
190529.69 540091.35 15.37
190529.69 540001.35 13.60
190529.69 539911.35 13.36
190529.69 539821.35 13.73
190529.69 539731.35 13.14
190529.69 539641.35 11.71
190529.69 539551.35 10.79
190529.69 539461.35 9.82
190529.69 539371.35 9.49
190529.69 539281.35 10.15
190529.69 539191.35 11.58
190529.69 539101.35 12.84
190529.69 539011.35 14.07
190529.69 538921.35 14.90
190529.69 538831.35 14.41
190529.69 538741.35 14.41
190529.69 538651.35 14.42
190529.69 538561.35 14.40
190529.69 538471.35 14.76
190529.69 538381.35 15.24
190529.69 538291.35 15.26
190529.69 538201.35 13.92
190619.69 542881.35 14.45
190619.69 542791.35 15.39
190619.69 542701.35 17.43
190619.69 542611.35 19.36
190619.69 542521.35 22.32
190619.69 542431.35 25.52
190619.69 542341.35 27.66
190619.69 542251.35 29.47
190619.69 542161.35 25.92
190619.69 542071.35 20.35
190619.69 541981.35 19.99
190619.69 541891.35 21.61
190619.69 541801.35 21.57
190619.69 541711.35 20.40
190619.69 541621.35 18.87
190619.69 541531.35 17.19
190619.69 541441.35 15.04
190619.69 541351.35 14.32
190619.69 541261.35 14.45
190619.69 541171.35 16.41
190619.69 541081.35 19.91
190619.69 540991.35 21.94
190619.69 540901.35 23.41
190619.69 540811.35 25.64
190619.69 540721.35 24.07
190619.69 540631.35 25.02
190619.69 540541.35 27.21
190619.69 540451.35 23.92
190619.69 540361.35 21.51
190619.69 540271.35 19.84
190619.69 540181.35 17.54
190619.69 540091.35 14.96
190619.69 540001.35 13.49
190619.69 539911.35 13.40
190619.69 539821.35 14.65
190619.69 539731.35 14.88
190619.69 539641.35 14.06
190619.69 539551.35 13.11
190619.69 539461.35 12.23
190619.69 539371.35 11.37
190619.69 539281.35 10.51
190619.69 539191.35 9.97
190619.69 539101.35 10.73
190619.69 539011.35 13.15
190619.69 538921.35 13.95
190619.69 538831.35 13.42
190619.69 538741.35 14.20
190619.69 538651.35 14.49
190619.69 538561.35 14.34
190619.69 538471.35 14.73
190619.69 538381.35 15.31
190619.69 538291.35 15.20
190619.69 538201.35 14.51
190619.69 538111.35 14.07
190709.69 542881.35 14.17
190709.69 542791.35 15.40
190709.69 542701.35 16.63
190709.69 542611.35 18.93
190709.69 542521.35 22.14
190709.69 542431.35 24.75
190709.69 542341.35 31.37
190709.69 542251.35 37.34
190709.69 542161.35 32.07
190709.69 542071.35 25.69
190709.69 541981.35 26.49
190709.69 541891.35 27.65
190709.69 541801.35 25.96
190709.69 541711.35 24.92
190709.69 541621.35 22.72
190709.69 541531.35 18.24
190709.69 541441.35 16.10
190709.69 541351.35 15.51
190709.69 541261.35 15.42
190709.69 541171.35 16.17
190709.69 541081.35 18.66
190709.69 540991.35 21.00
190709.69 540901.35 24.15
190709.69 540811.35 27.35
190709.69 540721.35 28.50
190709.69 540631.35 29.31
190709.69 540541.35 26.98
190709.69 540451.35 22.58
190709.69 540361.35 20.23
190709.69 540271.35 18.95
190709.69 540181.35 16.91
190709.69 540091.35 15.12
190709.69 540001.35 14.69
190709.69 539911.35 14.17
190709.69 539821.35 14.49
190709.69 539731.35 15.61
190709.69 539641.35 14.60
190709.69 539551.35 13.43
190709.69 539461.35 13.31
190709.69 539371.35 13.33
190709.69 539281.35 12.72
190709.69 539191.35 11.66
190709.69 539101.35 10.53
190709.69 539011.35 10.17
190709.69 538921.35 10.28
190709.69 538831.35 11.37
190709.69 538741.35 13.47
190709.69 538651.35 13.95
190709.69 538561.35 13.34
190709.69 538471.35 14.32
190709.69 538381.35 15.44
190709.69 538291.35 13.14
190709.69 538201.35 10.66
190709.69 538111.35 12.79
190709.69 538021.35 15.15
190799.69 542881.35 14.28
190799.69 542791.35 16.99
190799.69 542701.35 20.76
190799.69 542611.35 22.28
190799.69 542521.35 23.39
190799.69 542431.35 23.83
190799.69 542341.35 25.57
190799.69 542251.35 30.44
190799.69 542161.35 30.66
190799.69 542071.35 29.04
190799.69 541981.35 30.32
190799.69 541891.35 31.70
190799.69 541801.35 30.44
190799.69 541711.35 28.32
190799.69 541621.35 25.21
190799.69 541531.35 20.57
190799.69 541441.35 17.71
190799.69 541351.35 16.33
190799.69 541261.35 16.15
190799.69 541171.35 16.65
190799.69 541081.35 18.03
190799.69 540991.35 19.68
190799.69 540901.35 21.42
190799.69 540811.35 23.14
190799.69 540721.35 24.99
190799.69 540631.35 27.94
190799.69 540541.35 27.11
190799.69 540451.35 22.56
190799.69 540361.35 19.85
190799.69 540271.35 18.26
190799.69 540181.35 17.33
190799.69 540091.35 17.19
190799.69 540001.35 18.24
190799.69 539911.35 20.12
190799.69 539821.35 22.11
190799.69 539731.35 21.87
190799.69 539641.35 18.84
190799.69 539551.35 15.90
190799.69 539461.35 14.13
190799.69 539371.35 13.94
190799.69 539281.35 13.55
190799.69 539191.35 15.11
190799.69 539101.35 15.31
190799.69 539011.35 13.22
190799.69 538921.35 14.00
190799.69 538831.35 13.61
190799.69 538741.35 12.89
190799.69 538651.35 12.95
190799.69 538561.35 11.17
190799.69 538471.35 11.35
190799.69 538381.35 13.41
190799.69 538291.35 13.10
190799.69 538201.35 11.81
190799.69 538111.35 12.71
190799.69 538021.35 13.96
190799.69 537931.35 13.97
190799.69 537841.35 13.00
190889.69 542881.35 15.64
190889.69 542791.35 18.97
190889.69 542701.35 21.68
190889.69 542611.35 22.66
190889.69 542521.35 22.74
190889.69 542431.35 21.30
190889.69 542341.35 20.45
190889.69 542251.35 23.44
190889.69 542161.35 27.20
190889.69 542071.35 28.74
190889.69 541981.35 29.74
190889.69 541891.35 31.89
190889.69 541801.35 31.59
190889.69 541711.35 28.63
190889.69 541621.35 24.61
190889.69 541531.35 20.61
190889.69 541441.35 18.07
190889.69 541351.35 17.14
190889.69 541261.35 16.86
190889.69 541171.35 17.08
190889.69 541081.35 17.65
190889.69 540991.35 18.57
190889.69 540901.35 19.62
190889.69 540811.35 20.82
190889.69 540721.35 22.32
190889.69 540631.35 26.21
190889.69 540541.35 28.32
190889.69 540451.35 24.23
190889.69 540361.35 19.99
190889.69 540271.35 18.24
190889.69 540181.35 18.19
190889.69 540091.35 20.38
190889.69 540001.35 21.99
190889.69 539911.35 24.77
190889.69 539821.35 30.26
190889.69 539731.35 28.68
190889.69 539641.35 23.05
190889.69 539551.35 18.58
190889.69 539461.35 14.68
190889.69 539371.35 14.10
190889.69 539281.35 14.30
190889.69 539191.35 15.62
190889.69 539101.35 18.18
190889.69 539011.35 21.04
190889.69 538921.35 22.95
190889.69 538831.35 23.14
190889.69 538741.35 23.67
190889.69 538651.35 20.67
190889.69 538561.35 14.80
190889.69 538471.35 12.02
190889.69 538381.35 11.02
190889.69 538291.35 10.66
190889.69 538201.35 10.95
190889.69 538111.35 13.02
190889.69 538021.35 14.13
190889.69 537931.35 13.61
190889.69 537841.35 13.79
190889.69 537751.35 17.12
190979.69 542791.35 19.23
190979.69 542701.35 19.32
190979.69 542611.35 19.79
190979.69 542521.35 19.61
190979.69 542431.35 17.89
190979.69 542341.35 18.78
190979.69 542251.35 21.21
190979.69 542161.35 23.11
190979.69 542071.35 25.47
190979.69 541981.35 28.28
190979.69 541891.35 30.97
190979.69 541801.35 31.28
190979.69 541711.35 27.48
190979.69 541621.35 22.95
190979.69 541531.35 20.33
190979.69 541441.35 19.22
190979.69 541351.35 18.88
190979.69 541261.35 18.04
190979.69 541171.35 17.81
190979.69 541081.35 19.22
190979.69 540991.35 20.95
190979.69 540901.35 22.95
190979.69 540811.35 25.06
190979.69 540721.35 27.37
190979.69 540631.35 30.14
190979.69 540541.35 29.43
190979.69 540451.35 24.41
190979.69 540361.35 19.93
190979.69 540271.35 19.04
190979.69 540181.35 19.75
190979.69 540091.35 21.47
190979.69 540001.35 23.86
190979.69 539911.35 27.66
190979.69 539821.35 29.35
190979.69 539731.35 26.47
190979.69 539641.35 22.85
190979.69 539551.35 18.65
190979.69 539461.35 15.22
190979.69 539371.35 14.61
190979.69 539281.35 14.99
190979.69 539191.35 15.47
190979.69 539101.35 20.39
190979.69 539011.35 27.10
190979.69 538921.35 28.94
190979.69 538831.35 29.04
190979.69 538741.35 29.26
190979.69 538651.35 29.45
190979.69 538561.35 28.70
190979.69 538471.35 21.38
190979.69 538381.35 13.75
190979.69 538291.35 12.58
190979.69 538201.35 11.30
190979.69 538111.35 10.88
190979.69 538021.35 11.08
190979.69 537931.35 11.50
190979.69 537841.35 13.66
190979.69 537751.35 16.20
190979.69 537661.35 17.16
191069.69 542791.35 15.54
191069.69 542701.35 15.95
191069.69 542611.35 16.09
191069.69 542521.35 16.66
191069.69 542431.35 17.63
191069.69 542341.35 20.12
191069.69 542251.35 22.60
191069.69 542161.35 24.24
191069.69 542071.35 27.23
191069.69 541981.35 30.78
191069.69 541891.35 32.63
191069.69 541801.35 32.09
191069.69 541711.35 28.51
191069.69 541621.35 23.16
191069.69 541531.35 20.15
191069.69 541441.35 21.32
191069.69 541351.35 21.94
191069.69 541261.35 19.81
191069.69 541171.35 18.66
191069.69 541081.35 20.24
191069.69 540991.35 22.72
191069.69 540901.35 25.02
191069.69 540811.35 27.75
191069.69 540721.35 29.70
191069.69 540631.35 28.63
191069.69 540541.35 24.94
191069.69 540451.35 21.77
191069.69 540361.35 20.34
191069.69 540271.35 20.99
191069.69 540181.35 22.50
191069.69 540091.35 23.85
191069.69 540001.35 26.38
191069.69 539911.35 29.92
191069.69 539821.35 28.87
191069.69 539731.35 25.49
191069.69 539641.35 22.67
191069.69 539551.35 18.53
191069.69 539461.35 15.97
191069.69 539371.35 15.39
191069.69 539281.35 15.30
191069.69 539191.35 15.60
191069.69 539101.35 18.43
191069.69 539011.35 24.57
191069.69 538921.35 28.55
191069.69 538831.35 29.20
191069.69 538741.35 29.48
191069.69 538651.35 32.86
191069.69 538561.35 37.01
191069.69 538471.35 35.24
191069.69 538381.35 24.51
191069.69 538291.35 15.86
191069.69 538201.35 14.89
191069.69 538111.35 13.48
191069.69 538021.35 13.02
191069.69 537931.35 11.73
191069.69 537841.35 11.06
191069.69 537751.35 12.18
191069.69 537661.35 12.87
191069.69 537571.35 13.35
191159.69 542791.35 14.67
191159.69 542701.35 14.39
191159.69 542611.35 14.55
191159.69 542521.35 15.73
191159.69 542431.35 18.77
191159.69 542341.35 22.48
191159.69 542251.35 24.77
191159.69 542161.35 28.62
191159.69 542071.35 32.71
191159.69 541981.35 34.17
191159.69 541891.35 32.40
191159.69 541801.35 27.97
191159.69 541711.35 24.73
191159.69 541621.35 21.84
191159.69 541531.35 20.67
191159.69 541441.35 22.50
191159.69 541351.35 24.06
191159.69 541261.35 22.36
191159.69 541171.35 20.15
191159.69 541081.35 20.69
191159.69 540991.35 24.35
191159.69 540901.35 27.54
191159.69 540811.35 29.26
191159.69 540721.35 29.35
191159.69 540631.35 26.01
191159.69 540541.35 22.62
191159.69 540451.35 21.59
191159.69 540361.35 22.88
191159.69 540271.35 24.58
191159.69 540181.35 26.30
191159.69 540091.35 30.29
191159.69 540001.35 34.82
191159.69 539911.35 35.22
191159.69 539821.35 31.99
191159.69 539731.35 28.05
191159.69 539641.35 22.58
191159.69 539551.35 18.02
191159.69 539461.35 15.74
191159.69 539371.35 15.42
191159.69 539281.35 15.61
191159.69 539191.35 16.52
191159.69 539101.35 17.78
191159.69 539011.35 20.95
191159.69 538921.35 24.06
191159.69 538831.35 26.59
191159.69 538741.35 31.22
191159.69 538651.35 35.89
191159.69 538561.35 38.76
191159.69 538471.35 36.15
191159.69 538381.35 24.79
191159.69 538291.35 16.33
191159.69 538201.35 16.24
191159.69 538111.35 15.77
191159.69 538021.35 15.33
191159.69 537931.35 14.33
191159.69 537841.35 13.75
191159.69 537751.35 13.13
191159.69 537661.35 12.24
191159.69 537571.35 12.38
191159.69 537481.35 12.72
191159.69 537391.35 12.83
191249.69 542791.35 15.52
191249.69 542701.35 14.26
191249.69 542611.35 14.78
191249.69 542521.35 16.50
191249.69 542431.35 18.43
191249.69 542341.35 19.99
191249.69 542251.35 22.29
191249.69 542161.35 26.59
191249.69 542071.35 30.84
191249.69 541981.35 33.64
191249.69 541891.35 32.37
191249.69 541801.35 26.97
191249.69 541711.35 23.41
191249.69 541621.35 22.12
191249.69 541531.35 22.01
191249.69 541441.35 22.85
191249.69 541351.35 27.19
191249.69 541261.35 27.35
191249.69 541171.35 22.47
191249.69 541081.35 21.57
191249.69 540991.35 24.75
191249.69 540901.35 28.83
191249.69 540811.35 30.40
191249.69 540721.35 29.02
191249.69 540631.35 25.81
191249.69 540541.35 23.45
191249.69 540451.35 24.00
191249.69 540361.35 28.25
191249.69 540271.35 31.77
191249.69 540181.35 33.50
191249.69 540091.35 38.30
191249.69 540001.35 40.11
191249.69 539911.35 34.31
191249.69 539821.35 28.29
191249.69 539731.35 23.83
191249.69 539641.35 19.03
191249.69 539551.35 16.76
191249.69 539461.35 16.01
191249.69 539371.35 15.95
191249.69 539281.35 16.12
191249.69 539191.35 16.78
191249.69 539101.35 17.95
191249.69 539011.35 19.76
191249.69 538921.35 22.23
191249.69 538831.35 26.26
191249.69 538741.35 31.77
191249.69 538651.35 35.80
191249.69 538561.35 37.57
191249.69 538471.35 29.59
191249.69 538381.35 18.34
191249.69 538291.35 16.17
191249.69 538201.35 16.18
191249.69 538111.35 16.04
191249.69 538021.35 15.43
191249.69 537931.35 14.85
191249.69 537841.35 15.38
191249.69 537751.35 15.27
191249.69 537661.35 14.24
191249.69 537571.35 14.04
191249.69 537481.35 14.31
191249.69 537391.35 14.42
191249.69 537301.35 14.35
191339.69 542701.35 14.83
191339.69 542611.35 18.19
191339.69 542521.35 22.74
191339.69 542431.35 24.78
191339.69 542341.35 23.86
191339.69 542251.35 22.32
191339.69 542161.35 22.58
191339.69 542071.35 27.49
191339.69 541981.35 33.60
191339.69 541891.35 33.74
191339.69 541801.35 31.02
191339.69 541711.35 27.12
191339.69 541621.35 24.05
191339.69 541531.35 24.88
191339.69 541441.35 25.44
191339.69 541351.35 28.96
191339.69 541261.35 29.81
191339.69 541171.35 25.29
191339.69 541081.35 23.86
191339.69 540991.35 25.60
191339.69 540901.35 30.81
191339.69 540811.35 33.19
191339.69 540721.35 29.74
191339.69 540631.35 27.37
191339.69 540541.35 27.14
191339.69 540451.35 28.90
191339.69 540361.35 35.40
191339.69 540271.35 41.30
191339.69 540181.35 43.12
191339.69 540091.35 43.02
191339.69 540001.35 39.41
191339.69 539911.35 30.39
191339.69 539821.35 22.75
191339.69 539731.35 19.64
191339.69 539641.35 17.44
191339.69 539551.35 16.83
191339.69 539461.35 16.60
191339.69 539371.35 16.64
191339.69 539281.35 16.75
191339.69 539191.35 17.28
191339.69 539101.35 18.29
191339.69 539011.35 19.77
191339.69 538921.35 21.73
191339.69 538831.35 24.44
191339.69 538741.35 28.32
191339.69 538651.35 32.08
191339.69 538561.35 34.47
191339.69 538471.35 26.31
191339.69 538381.35 16.25
191339.69 538291.35 16.22
191339.69 538201.35 16.15
191339.69 538111.35 15.66
191339.69 538021.35 14.98
191339.69 537931.35 14.98
191339.69 537841.35 15.61
191339.69 537751.35 15.58
191339.69 537661.35 15.06
191339.69 537571.35 14.94
191339.69 537481.35 14.88
191339.69 537391.35 14.80
191339.69 537301.35 14.88
191339.69 537211.35 15.47
191429.69 542701.35 14.69
191429.69 542611.35 16.43
191429.69 542521.35 21.04
191429.69 542431.35 26.20
191429.69 542341.35 27.25
191429.69 542251.35 25.49
191429.69 542161.35 24.76
191429.69 542071.35 26.95
191429.69 541981.35 31.21
191429.69 541891.35 34.25
191429.69 541801.35 34.44
191429.69 541711.35 30.81
191429.69 541621.35 27.69
191429.69 541531.35 28.58
191429.69 541441.35 28.88
191429.69 541351.35 30.91
191429.69 541261.35 33.96
191429.69 541171.35 32.18
191429.69 541081.35 27.97
191429.69 540991.35 26.99
191429.69 540901.35 32.82
191429.69 540811.35 34.87
191429.69 540721.35 30.99
191429.69 540631.35 32.28
191429.69 540541.35 34.55
191429.69 540451.35 34.90
191429.69 540361.35 40.64
191429.69 540271.35 45.90
191429.69 540181.35 42.82
191429.69 540091.35 38.05
191429.69 540001.35 32.93
191429.69 539911.35 24.97
191429.69 539821.35 19.95
191429.69 539731.35 18.90
191429.69 539641.35 18.15
191429.69 539551.35 17.90
191429.69 539461.35 17.99
191429.69 539371.35 17.72
191429.69 539281.35 17.22
191429.69 539191.35 17.61
191429.69 539101.35 18.68
191429.69 539011.35 20.52
191429.69 538921.35 23.10
191429.69 538831.35 25.23
191429.69 538741.35 27.15
191429.69 538651.35 29.63
191429.69 538561.35 30.31
191429.69 538471.35 25.18
191429.69 538381.35 18.91
191429.69 538291.35 16.84
191429.69 538201.35 15.63
191429.69 538111.35 15.20
191429.69 538021.35 15.27
191429.69 537931.35 15.53
191429.69 537841.35 15.73
191429.69 537751.35 15.59
191429.69 537661.35 15.63
191429.69 537571.35 15.74
191429.69 537481.35 15.56
191429.69 537391.35 15.45
191429.69 537301.35 15.57
191429.69 537211.35 15.97
191429.69 537121.35 16.24
191519.69 542701.35 14.65
191519.69 542611.35 15.03
191519.69 542521.35 16.83
191519.69 542431.35 20.25
191519.69 542341.35 23.14
191519.69 542251.35 25.13
191519.69 542161.35 26.84
191519.69 542071.35 29.58
191519.69 541981.35 34.12
191519.69 541891.35 40.40
191519.69 541801.35 44.40
191519.69 541711.35 42.78
191519.69 541621.35 39.21
191519.69 541531.35 38.62
191519.69 541441.35 38.86
191519.69 541351.35 41.11
191519.69 541261.35 41.53
191519.69 541171.35 36.07
191519.69 541081.35 35.92
191519.69 540991.35 39.24
191519.69 540901.35 41.32
191519.69 540811.35 39.24
191519.69 540721.35 37.78
191519.69 540631.35 44.46
191519.69 540541.35 52.01
191519.69 540451.35 49.97
191519.69 540361.35 45.55
191519.69 540271.35 43.08
191519.69 540181.35 36.84
191519.69 540091.35 30.28
191519.69 540001.35 26.49
191519.69 539911.35 23.71
191519.69 539821.35 22.30
191519.69 539731.35 21.87
191519.69 539641.35 22.61
191519.69 539551.35 24.23
191519.69 539461.35 24.21
191519.69 539371.35 21.18
191519.69 539281.35 18.77
191519.69 539191.35 18.97
191519.69 539101.35 20.06
191519.69 539011.35 21.69
191519.69 538921.35 24.23
191519.69 538831.35 26.86
191519.69 538741.35 29.79
191519.69 538651.35 34.54
191519.69 538561.35 40.93
191519.69 538471.35 37.50
191519.69 538381.35 26.31
191519.69 538291.35 22.10
191519.69 538201.35 20.19
191519.69 538111.35 19.52
191519.69 538021.35 20.44
191519.69 537931.35 20.59
191519.69 537841.35 20.66
191519.69 537751.35 23.94
191519.69 537661.35 32.80
191519.69 537571.35 37.30
191519.69 537481.35 26.71
191519.69 537391.35 17.42
191519.69 537301.35 17.36
191519.69 537211.35 17.35
191519.69 537121.35 17.57
191519.69 537031.35 18.75
191609.69 542701.35 14.91
191609.69 542611.35 15.84
191609.69 542521.35 16.59
191609.69 542431.35 17.48
191609.69 542341.35 19.31
191609.69 542251.35 21.26
191609.69 542161.35 23.36
191609.69 542071.35 27.37
191609.69 541981.35 32.62
191609.69 541891.35 38.23
191609.69 541801.35 47.49
191609.69 541711.35 53.40
191609.69 541621.35 49.57
191609.69 541531.35 47.59
191609.69 541441.35 49.01
191609.69 541351.35 48.51
191609.69 541261.35 43.41
191609.69 541171.35 39.89
191609.69 541081.35 44.90
191609.69 540991.35 49.40
191609.69 540901.35 47.17
191609.69 540811.35 44.15
191609.69 540721.35 46.75
191609.69 540631.35 53.88
191609.69 540541.35 60.66
191609.69 540451.35 55.88
191609.69 540361.35 45.33
191609.69 540271.35 38.16
191609.69 540181.35 31.81
191609.69 540091.35 27.37
191609.69 540001.35 26.52
191609.69 539911.35 25.83
191609.69 539821.35 24.48
191609.69 539731.35 24.93
191609.69 539641.35 26.74
191609.69 539551.35 27.92
191609.69 539461.35 26.11
191609.69 539371.35 22.40
191609.69 539281.35 20.42
191609.69 539191.35 20.35
191609.69 539101.35 20.87
191609.69 539011.35 22.13
191609.69 538921.35 25.08
191609.69 538831.35 30.57
191609.69 538741.35 36.64
191609.69 538651.35 41.72
191609.69 538561.35 50.41
191609.69 538471.35 47.06
191609.69 538381.35 34.48
191609.69 538291.35 30.67
191609.69 538201.35 26.27
191609.69 538111.35 24.52
191609.69 538021.35 26.15
191609.69 537931.35 26.40
191609.69 537841.35 26.73
191609.69 537751.35 31.01
191609.69 537661.35 43.30
191609.69 537571.35 54.56
191609.69 537481.35 45.27
191609.69 537391.35 27.71
191609.69 537301.35 20.54
191609.69 537211.35 20.26
191609.69 537121.35 20.68
191609.69 537031.35 26.35
191609.69 536941.35 30.37
191609.69 536851.35 29.39
191699.69 542611.35 16.89
191699.69 542521.35 18.57
191699.69 542431.35 18.98
191699.69 542341.35 19.11
191699.69 542251.35 19.43
191699.69 542161.35 20.62
191699.69 542071.35 24.21
191699.69 541981.35 29.00
191699.69 541891.35 33.35
191699.69 541801.35 45.34
191699.69 541711.35 59.42
191699.69 541621.35 60.44
191699.69 541531.35 57.59
191699.69 541441.35 62.12
191699.69 541351.35 58.02
191699.69 541261.35 44.50
191699.69 541171.35 46.79
191699.69 541081.35 55.66
191699.69 540991.35 57.05
191699.69 540901.35 52.30
191699.69 540811.35 50.69
191699.69 540721.35 54.84
191699.69 540631.35 59.27
191699.69 540541.35 61.15
191699.69 540451.35 52.99
191699.69 540361.35 42.25
191699.69 540271.35 34.94
191699.69 540181.35 29.75
191699.69 540091.35 29.23
191699.69 540001.35 30.47
191699.69 539911.35 28.86
191699.69 539821.35 27.07
191699.69 539731.35 28.53
191699.69 539641.35 32.49
191699.69 539551.35 32.18
191699.69 539461.35 26.50
191699.69 539371.35 23.29
191699.69 539281.35 21.94
191699.69 539191.35 21.53
191699.69 539101.35 21.59
191699.69 539011.35 22.69
191699.69 538921.35 24.98
191699.69 538831.35 29.20
191699.69 538741.35 34.57
191699.69 538651.35 41.70
191699.69 538561.35 55.23
191699.69 538471.35 59.55
191699.69 538381.35 48.89
191699.69 538291.35 40.52
191699.69 538201.35 34.17
191699.69 538111.35 30.81
191699.69 538021.35 32.50
191699.69 537931.35 32.64
191699.69 537841.35 33.41
191699.69 537751.35 32.98
191699.69 537661.35 37.79
191699.69 537571.35 59.63
191699.69 537481.35 58.23
191699.69 537391.35 35.10
191699.69 537301.35 27.62
191699.69 537211.35 26.66
191699.69 537121.35 27.42
191699.69 537031.35 40.57
191699.69 536941.35 48.57
191699.69 536851.35 46.65
191789.69 542611.35 17.02
191789.69 542521.35 19.34
191789.69 542431.35 20.77
191789.69 542341.35 20.85
191789.69 542251.35 20.17
191789.69 542161.35 20.26
191789.69 542071.35 22.73
191789.69 541981.35 26.48
191789.69 541891.35 29.84
191789.69 541801.35 36.11
191789.69 541711.35 48.97
191789.69 541621.35 60.26
191789.69 541531.35 69.89
191789.69 541441.35 80.62
191789.69 541351.35 71.03
191789.69 541261.35 53.39
191789.69 541171.35 52.05
191789.69 541081.35 61.22
191789.69 540991.35 68.05
191789.69 540901.35 60.82
191789.69 540811.35 56.76
191789.69 540721.35 62.87
191789.69 540631.35 68.05
191789.69 540541.35 61.62
191789.69 540451.35 49.04
191789.69 540361.35 40.48
191789.69 540271.35 33.60
191789.69 540181.35 31.87
191789.69 540091.35 36.05
191789.69 540001.35 36.64
191789.69 539911.35 31.83
191789.69 539821.35 34.02
191789.69 539731.35 36.48
191789.69 539641.35 37.12
191789.69 539551.35 36.03
191789.69 539461.35 29.37
191789.69 539371.35 25.22
191789.69 539281.35 23.59
191789.69 539191.35 23.17
191789.69 539101.35 23.25
191789.69 539011.35 23.97
191789.69 538921.35 25.28
191789.69 538831.35 27.35
191789.69 538741.35 30.79
191789.69 538651.35 38.90
191789.69 538561.35 53.02
191789.69 538471.35 69.93
191789.69 538381.35 71.71
191789.69 538291.35 55.31
191789.69 538201.35 44.94
191789.69 538111.35 42.37
191789.69 538021.35 43.30
191789.69 537931.35 42.57
191789.69 537841.35 43.75
191789.69 537751.35 46.09
191789.69 537661.35 52.17
191789.69 537571.35 74.88
191789.69 537481.35 74.60
191789.69 537391.35 55.51
191789.69 537301.35 49.29
191789.69 537211.35 45.97
191789.69 537121.35 46.73
191789.69 537031.35 57.86
191789.69 536941.35 63.86
191789.69 536851.35 62.79
191789.69 536761.35 68.17
191879.69 542611.35 17.29
191879.69 542521.35 20.08
191879.69 542431.35 22.13
191879.69 542341.35 22.85
191879.69 542251.35 23.45
191879.69 542161.35 23.00
191879.69 542071.35 22.65
191879.69 541981.35 24.66
191879.69 541891.35 28.03
191879.69 541801.35 32.27
191879.69 541711.35 40.16
191879.69 541621.35 53.78
191879.69 541531.35 74.10
191879.69 541441.35 82.31
191879.69 541351.35 71.03
191879.69 541261.35 67.26
191879.69 541171.35 64.05
191879.69 541081.35 64.81
191879.69 540991.35 72.18
191879.69 540901.35 68.11
191879.69 540811.35 65.13
191879.69 540721.35 72.73
191879.69 540631.35 73.19
191879.69 540541.35 59.80
191879.69 540451.35 50.52
191879.69 540361.35 42.10
191879.69 540271.35 35.75
191879.69 540181.35 37.86
191879.69 540091.35 44.97
191879.69 540001.35 44.46
191879.69 539911.35 37.85
191879.69 539821.35 40.60
191879.69 539731.35 46.50
191879.69 539641.35 45.29
191879.69 539551.35 38.37
191879.69 539461.35 33.23
191879.69 539371.35 29.60
191879.69 539281.35 25.90
191879.69 539191.35 25.05
191879.69 539101.35 25.06
191879.69 539011.35 25.60
191879.69 538921.35 26.65
191879.69 538831.35 27.90
191879.69 538741.35 29.80
191879.69 538651.35 34.27
191879.69 538561.35 41.94
191879.69 538471.35 60.63
191879.69 538381.35 80.09
191879.69 538291.35 75.82
191879.69 538201.35 63.41
191879.69 538111.35 58.14
191879.69 538021.35 59.04
191879.69 537931.35 57.43
191879.69 537841.35 55.95
191879.69 537751.35 67.67
191879.69 537661.35 83.25
191879.69 537571.35 99.33
191879.69 537481.35 98.38
191879.69 537391.35 86.48
191879.69 537301.35 85.29
191879.69 537211.35 85.16
191879.69 537121.35 81.62
191879.69 537031.35 83.92
191879.69 536941.35 81.92
191879.69 536851.35 78.23
191879.69 536761.35 86.93
191969.69 542611.35 17.18
191969.69 542521.35 19.87
191969.69 542431.35 21.79
191969.69 542341.35 22.93
191969.69 542251.35 24.66
191969.69 542161.35 26.09
191969.69 542071.35 25.75
191969.69 541981.35 25.46
191969.69 541891.35 29.18
191969.69 541801.35 36.67
191969.69 541711.35 43.23
191969.69 541621.35 55.40
191969.69 541531.35 75.70
191969.69 541441.35 76.19
191969.69 541351.35 69.31
191969.69 541261.35 74.48
191969.69 541171.35 74.32
191969.69 541081.35 75.23
191969.69 540991.35 76.03
191969.69 540901.35 73.59
191969.69 540811.35 74.59
191969.69 540721.35 86.69
191969.69 540631.35 86.03
191969.69 540541.35 64.96
191969.69 540451.35 52.64
191969.69 540361.35 44.23
191969.69 540271.35 40.27
191969.69 540181.35 43.77
191969.69 540091.35 51.94
191969.69 540001.35 51.43
191969.69 539911.35 49.17
191969.69 539821.35 53.34
191969.69 539731.35 54.25
191969.69 539641.35 49.56
191969.69 539551.35 42.77
191969.69 539461.35 41.04
191969.69 539371.35 34.57
191969.69 539281.35 27.66
191969.69 539191.35 26.66
191969.69 539101.35 26.53
191969.69 539011.35 29.15
191969.69 538921.35 30.89
191969.69 538831.35 30.66
191969.69 538741.35 32.83
191969.69 538651.35 35.37
191969.69 538561.35 38.08
191969.69 538471.35 53.35
191969.69 538381.35 78.02
191969.69 538291.35 92.08
191969.69 538201.35 85.76
191969.69 538111.35 76.06
191969.69 538021.35 76.21
191969.69 537931.35 73.89
191969.69 537841.35 74.79
191969.69 537751.35 89.76
191969.69 537661.35 112.79
191969.69 537571.35 128.69
191969.69 537481.35 127.49
191969.69 537391.35 117.10
191969.69 537301.35 121.96
191969.69 537211.35 121.51
191969.69 537121.35 114.18
191969.69 537031.35 110.01
191969.69 536941.35 101.39
191969.69 536851.35 100.55
191969.69 536761.35 110.79
192059.69 542521.35 19.10
192059.69 542431.35 20.83
192059.69 542341.35 21.80
192059.69 542251.35 25.09
192059.69 542161.35 27.92
192059.69 542071.35 28.18
192059.69 541981.35 28.95
192059.69 541891.35 35.03
192059.69 541801.35 45.93
192059.69 541711.35 56.00
192059.69 541621.35 66.58
192059.69 541531.35 71.51
192059.69 541441.35 62.02
192059.69 541351.35 57.09
192059.69 541261.35 62.59
192059.69 541171.35 68.45
192059.69 541081.35 74.70
192059.69 540991.35 80.91
192059.69 540901.35 86.35
192059.69 540811.35 92.43
192059.69 540721.35 102.49
192059.69 540631.35 99.62
192059.69 540541.35 79.26
192059.69 540451.35 60.61
192059.69 540361.35 50.48
192059.69 540271.35 46.87
192059.69 540181.35 49.58
192059.69 540091.35 60.94
192059.69 540001.35 62.85
192059.69 539911.35 61.00
192059.69 539821.35 67.47
192059.69 539731.35 67.10
192059.69 539641.35 65.48
192059.69 539551.35 61.31
192059.69 539461.35 50.43
192059.69 539371.35 37.52
192059.69 539281.35 30.47
192059.69 539191.35 28.67
192059.69 539101.35 28.51
192059.69 539011.35 32.61
192059.69 538921.35 37.19
192059.69 538831.35 37.34
192059.69 538741.35 37.91
192059.69 538651.35 40.27
192059.69 538561.35 42.95
192059.69 538471.35 55.71
192059.69 538381.35 79.95
192059.69 538291.35 105.03
192059.69 538201.35 108.19
192059.69 538111.35 96.76
192059.69 538021.35 94.86
192059.69 537931.35 93.75
192059.69 537841.35 97.67
192059.69 537751.35 115.83
192059.69 537661.35 140.22
192059.69 537571.35 156.57
192059.69 537481.35 154.83
192059.69 537391.35 141.12
192059.69 537301.35 139.07
192059.69 537211.35 138.32
192059.69 537121.35 135.82
192059.69 537031.35 130.44
192059.69 536941.35 125.62
192059.69 536851.35 129.32
192059.69 536761.35 130.29
192149.69 542521.35 17.98
192149.69 542431.35 19.44
192149.69 542341.35 20.01
192149.69 542251.35 23.95
192149.69 542161.35 28.19
192149.69 542071.35 28.51
192149.69 541981.35 31.11
192149.69 541891.35 37.33
192149.69 541801.35 51.37
192149.69 541711.35 65.46
192149.69 541621.35 63.59
192149.69 541531.35 54.11
192149.69 541441.35 47.73
192149.69 541351.35 48.57
192149.69 541261.35 55.67
192149.69 541171.35 63.33
192149.69 541081.35 71.20
192149.69 540991.35 85.16
192149.69 540901.35 101.93
192149.69 540811.35 114.95
192149.69 540721.35 123.98
192149.69 540631.35 109.73
192149.69 540541.35 81.90
192149.69 540451.35 66.88
192149.69 540361.35 59.76
192149.69 540271.35 55.81
192149.69 540181.35 56.11
192149.69 540091.35 69.52
192149.69 540001.35 76.60
192149.69 539911.35 75.13
192149.69 539821.35 87.40
192149.69 539731.35 94.41
192149.69 539641.35 85.75
192149.69 539551.35 71.57
192149.69 539461.35 54.17
192149.69 539371.35 38.23
192149.69 539281.35 32.76
192149.69 539191.35 31.09
192149.69 539101.35 31.24
192149.69 539011.35 34.24
192149.69 538921.35 42.08
192149.69 538831.35 47.99
192149.69 538741.35 47.13
192149.69 538651.35 47.15
192149.69 538561.35 49.17
192149.69 538471.35 56.22
192149.69 538381.35 76.73
192149.69 538291.35 107.81
192149.69 538201.35 124.62
192149.69 538111.35 118.71
192149.69 538021.35 112.33
192149.69 537931.35 114.69
192149.69 537841.35 122.59
192149.69 537751.35 147.26
192149.69 537661.35 172.09
192149.69 537571.35 173.22
192149.69 537481.35 160.19
192149.69 537391.35 147.95
192149.69 537301.35 142.19
192149.69 537211.35 138.46
192149.69 537121.35 140.40
192149.69 537031.35 136.08
192149.69 536941.35 127.67
192149.69 536851.35 128.39
192149.69 536761.35 119.55
192239.69 542521.35 17.90
192239.69 542431.35 18.81
192239.69 542341.35 19.19
192239.69 542251.35 20.74
192239.69 542161.35 22.41
192239.69 542071.35 24.46
192239.69 541981.35 26.73
192239.69 541891.35 27.85
192239.69 541801.35 33.06
192239.69 541711.35 39.52
192239.69 541621.35 41.88
192239.69 541531.35 47.81
192239.69 541441.35 54.83
192239.69 541351.35 59.85
192239.69 541261.35 70.19
192239.69 541171.35 78.32
192239.69 541081.35 80.68
192239.69 540991.35 88.29
192239.69 540901.35 100.64
192239.69 540811.35 114.84
192239.69 540721.35 129.66
192239.69 540631.35 123.70
192239.69 540541.35 106.15
192239.69 540451.35 100.06
192239.69 540361.35 92.74
192239.69 540271.35 81.05
192239.69 540181.35 78.21
192239.69 540091.35 91.93
192239.69 540001.35 102.03
192239.69 539911.35 110.42
192239.69 539821.35 118.71
192239.69 539731.35 107.64
192239.69 539641.35 89.13
192239.69 539551.35 69.39
192239.69 539461.35 59.86
192239.69 539371.35 49.92
192239.69 539281.35 39.95
192239.69 539191.35 37.07
192239.69 539101.35 37.91
192239.69 539011.35 40.43
192239.69 538921.35 48.40
192239.69 538831.35 65.29
192239.69 538741.35 78.06
192239.69 538651.35 75.24
192239.69 538561.35 67.40
192239.69 538471.35 67.22
192239.69 538381.35 79.54
192239.69 538291.35 98.02
192239.69 538201.35 119.30
192239.69 538111.35 138.36
192239.69 538021.35 153.64
192239.69 537931.35 164.16
192239.69 537841.35 174.33
192239.69 537751.35 180.69
192239.69 537661.35 172.54
192239.69 537571.35 153.36
192239.69 537481.35 132.37
192239.69 537391.35 120.73
192239.69 537301.35 113.68
192239.69 537211.35 108.02
192239.69 537121.35 102.62
192239.69 537031.35 99.49
192239.69 536941.35 97.00
192239.69 536851.35 94.78
192329.69 542521.35 18.25
192329.69 542431.35 18.83
192329.69 542341.35 19.20
192329.69 542251.35 19.55
192329.69 542161.35 20.06
192329.69 542071.35 21.59
192329.69 541981.35 23.10
192329.69 541891.35 23.45
192329.69 541801.35 24.35
192329.69 541711.35 29.07
192329.69 541621.35 38.76
192329.69 541531.35 48.87
192329.69 541441.35 60.51
192329.69 541351.35 78.54
192329.69 541261.35 93.52
192329.69 541171.35 96.79
192329.69 541081.35 97.51
192329.69 540991.35 100.92
192329.69 540901.35 104.43
192329.69 540811.35 110.89
192329.69 540721.35 127.34
192329.69 540631.35 131.42
192329.69 540541.35 113.11
192329.69 540451.35 102.91
192329.69 540361.35 104.69
192329.69 540271.35 104.12
192329.69 540181.35 103.22
192329.69 540091.35 110.89
192329.69 540001.35 121.80
192329.69 539911.35 137.54
192329.69 539821.35 142.82
192329.69 539731.35 123.75
192329.69 539641.35 102.86
192329.69 539551.35 86.34
192329.69 539461.35 69.24
192329.69 539371.35 53.66
192329.69 539281.35 45.35
192329.69 539191.35 42.45
192329.69 539101.35 44.36
192329.69 539011.35 47.88
192329.69 538921.35 53.61
192329.69 538831.35 72.66
192329.69 538741.35 99.77
192329.69 538651.35 104.16
192329.69 538561.35 91.93
192329.69 538471.35 88.50
192329.69 538381.35 92.06
192329.69 538291.35 102.02
192329.69 538201.35 119.88
192329.69 538111.35 142.55
192329.69 538021.35 165.04
192329.69 537931.35 188.21
192329.69 537841.35 207.28
192329.69 537751.35 193.54
192329.69 537661.35 158.77
192329.69 537571.35 133.05
192329.69 537481.35 114.77
192329.69 537391.35 107.25
192329.69 537301.35 101.25
192329.69 537211.35 95.09
192329.69 537121.35 87.20
192329.69 537031.35 78.04
192329.69 536941.35 71.13
192329.69 536851.35 67.60
192419.69 542431.35 20.48
192419.69 542341.35 21.24
192419.69 542251.35 20.81
192419.69 542161.35 20.30
192419.69 542071.35 20.86
192419.69 541981.35 22.16
192419.69 541891.35 22.83
192419.69 541801.35 23.51
192419.69 541711.35 28.19
192419.69 541621.35 35.85
192419.69 541531.35 41.77
192419.69 541441.35 50.60
192419.69 541351.35 77.01
192419.69 541261.35 95.43
192419.69 541171.35 88.51
192419.69 541081.35 86.77
192419.69 540991.35 97.12
192419.69 540901.35 110.39
192419.69 540811.35 120.80
192419.69 540721.35 129.80
192419.69 540631.35 124.93
192419.69 540541.35 105.45
192419.69 540451.35 92.24
192419.69 540361.35 91.32
192419.69 540271.35 94.00
192419.69 540181.35 96.19
192419.69 540091.35 100.90
192419.69 540001.35 111.33
192419.69 539911.35 136.49
192419.69 539821.35 150.82
192419.69 539731.35 134.05
192419.69 539641.35 112.97
192419.69 539551.35 92.32
192419.69 539461.35 71.03
192419.69 539371.35 59.34
192419.69 539281.35 51.88
192419.69 539191.35 50.74
192419.69 539101.35 55.15
192419.69 539011.35 56.38
192419.69 538921.35 60.69
192419.69 538831.35 73.97
192419.69 538741.35 101.67
192419.69 538651.35 116.49
192419.69 538561.35 114.96
192419.69 538471.35 108.16
192419.69 538381.35 105.56
192419.69 538291.35 114.89
192419.69 538201.35 127.20
192419.69 538111.35 145.13
192419.69 538021.35 167.84
192419.69 537931.35 196.15
192419.69 537841.35 218.95
192419.69 537751.35 193.34
192419.69 537661.35 148.41
192419.69 537571.35 125.17
192419.69 537481.35 105.34
192419.69 537391.35 93.82
192419.69 537301.35 85.66
192419.69 537211.35 81.00
192419.69 537121.35 76.17
192419.69 537031.35 72.83
192419.69 536941.35 69.17
192509.69 542341.35 34.51
192509.69 542251.35 26.74
192509.69 542161.35 23.00
192509.69 542071.35 21.87
192509.69 541981.35 21.90
192509.69 541891.35 22.35
192509.69 541801.35 22.90
192509.69 541711.35 25.04
192509.69 541621.35 28.34
192509.69 541531.35 32.14
192509.69 541441.35 42.28
192509.69 541351.35 66.48
192509.69 541261.35 75.00
192509.69 541171.35 66.38
192509.69 541081.35 77.00
192509.69 540991.35 98.08
192509.69 540901.35 114.67
192509.69 540811.35 123.04
192509.69 540721.35 117.44
192509.69 540631.35 105.53
192509.69 540541.35 96.90
192509.69 540451.35 86.03
192509.69 540361.35 79.83
192509.69 540271.35 78.70
192509.69 540181.35 85.76
192509.69 540091.35 97.84
192509.69 540001.35 110.88
192509.69 539911.35 137.05
192509.69 539821.35 152.21
192509.69 539731.35 136.05
192509.69 539641.35 111.82
192509.69 539551.35 91.22
192509.69 539461.35 82.44
192509.69 539371.35 78.76
192509.69 539281.35 65.60
192509.69 539191.35 58.10
192509.69 539101.35 66.06
192509.69 539011.35 67.84
192509.69 538921.35 69.50
192509.69 538831.35 75.69
192509.69 538741.35 93.80
192509.69 538651.35 123.79
192509.69 538561.35 139.79
192509.69 538471.35 129.80
192509.69 538381.35 122.13
192509.69 538291.35 127.35
192509.69 538201.35 135.71
192509.69 538111.35 151.75
192509.69 538021.35 175.95
192509.69 537931.35 206.02
192509.69 537841.35 221.46
192509.69 537751.35 197.01
192509.69 537661.35 166.06
192509.69 537571.35 133.62
192509.69 537481.35 94.09
192509.69 537391.35 79.24
192509.69 537301.35 75.10
192509.69 537211.35 72.79
192509.69 537121.35 69.91
192509.69 537031.35 67.28
192599.69 542251.35 35.37
192599.69 542161.35 31.24
192599.69 542071.35 27.68
192599.69 541981.35 23.48
192599.69 541891.35 23.31
192599.69 541801.35 23.42
192599.69 541711.35 24.11
192599.69 541621.35 25.24
192599.69 541531.35 27.95
192599.69 541441.35 33.88
192599.69 541351.35 46.06
192599.69 541261.35 51.37
192599.69 541171.35 54.48
192599.69 541081.35 72.49
192599.69 540991.35 94.36
192599.69 540901.35 101.94
192599.69 540811.35 100.79
192599.69 540721.35 95.29
192599.69 540631.35 85.09
192599.69 540541.35 82.86
192599.69 540451.35 77.46
192599.69 540361.35 73.10
192599.69 540271.35 78.32
192599.69 540181.35 98.39
192599.69 540091.35 118.44
192599.69 540001.35 131.17
192599.69 539911.35 151.05
192599.69 539821.35 161.08
192599.69 539731.35 141.41
192599.69 539641.35 118.62
192599.69 539551.35 113.78
192599.69 539461.35 105.30
192599.69 539371.35 83.00
192599.69 539281.35 66.64
192599.69 539191.35 67.67
192599.69 539101.35 80.72
192599.69 539011.35 82.18
192599.69 538921.35 79.24
192599.69 538831.35 87.04
192599.69 538741.35 101.60
192599.69 538651.35 123.11
192599.69 538561.35 143.10
192599.69 538471.35 144.37
192599.69 538381.35 138.91
192599.69 538291.35 142.36
192599.69 538201.35 152.19
192599.69 538111.35 165.09
192599.69 538021.35 183.94
192599.69 537931.35 213.08
192599.69 537841.35 231.11
192599.69 537751.35 220.79
192599.69 537661.35 194.64
192599.69 537571.35 143.07
192599.69 537481.35 90.30
192599.69 537391.35 75.27
192599.69 537301.35 73.47
192599.69 537211.35 71.73
192599.69 537121.35 69.08
192689.69 541801.35 24.54
192689.69 541711.35 24.86
192689.69 541621.35 25.29
192689.69 541531.35 26.33
192689.69 541441.35 29.40
192689.69 541351.35 35.08
192689.69 541261.35 40.39
192689.69 541171.35 48.97
192689.69 541081.35 66.76
192689.69 540991.35 85.71
192689.69 540901.35 84.42
192689.69 540811.35 79.73
192689.69 540721.35 78.50
192689.69 540631.35 67.14
192689.69 540541.35 63.95
192689.69 540451.35 63.74
192689.69 540361.35 67.60
192689.69 540271.35 80.89
192689.69 540181.35 98.17
192689.69 540091.35 108.83
192689.69 540001.35 117.65
192689.69 539911.35 142.80
192689.69 539821.35 171.13
192689.69 539731.35 161.48
192689.69 539641.35 140.92
192689.69 539551.35 134.58
192689.69 539461.35 111.72
192689.69 539371.35 82.33
192689.69 539281.35 70.08
192689.69 539191.35 81.17
192689.69 539101.35 95.96
192689.69 539011.35 93.59
192689.69 538921.35 91.96
192689.69 538831.35 100.02
192689.69 538741.35 109.10
192689.69 538651.35 121.88
192689.69 538561.35 136.38
192689.69 538471.35 151.00
192689.69 538381.35 159.22
192689.69 538291.35 164.74
192689.69 538201.35 176.00
192689.69 538111.35 186.47
192689.69 538021.35 206.63
192689.69 537931.35 232.95
192689.69 537841.35 256.22
192689.69 537751.35 247.11
192689.69 537661.35 202.64
192689.69 537571.35 143.76
192689.69 537481.35 91.49
192689.69 537391.35 75.65
192689.69 537301.35 73.79
192689.69 537211.35 71.81
192779.69 540991.35 76.54
192779.69 540901.35 68.95
192779.69 540811.35 63.66
192779.69 540721.35 62.44
192779.69 540631.35 55.51
192779.69 540541.35 53.62
192779.69 540451.35 56.65
192779.69 540361.35 63.44
192779.69 540271.35 74.72
192779.69 540181.35 86.63
192779.69 540091.35 96.92
192779.69 540001.35 108.10
192779.69 539911.35 134.40
192779.69 539821.35 171.68
192779.69 539731.35 170.44
192779.69 539641.35 144.91
192779.69 539551.35 129.35
192779.69 539461.35 105.97
192779.69 539371.35 89.03
192779.69 539281.35 87.39
192779.69 539191.35 100.18
192779.69 539101.35 110.87
192779.69 539011.35 104.58
192779.69 538921.35 101.76
192779.69 538831.35 107.96
192779.69 538741.35 118.27
192779.69 538651.35 130.29
192779.69 538561.35 142.99
192779.69 538471.35 169.54
192779.69 538381.35 189.44
192779.69 538291.35 196.35
192779.69 538201.35 209.41
192779.69 538111.35 223.66
192779.69 538021.35 241.52
192779.69 537931.35 264.83
192779.69 537841.35 277.01
192779.69 537751.35 245.25
192779.69 537661.35 191.22
192779.69 537571.35 139.80
192779.69 537481.35 93.78
192779.69 537391.35 76.06
192779.69 537301.35 73.94
192869.69 540091.35 97.22
192869.69 540001.35 110.65
192869.69 539911.35 133.41
192869.69 539821.35 164.84
192869.69 539731.35 168.44
192869.69 539641.35 141.04
192869.69 539551.35 118.60
192869.69 539461.35 103.97
192869.69 539371.35 97.45
192869.69 539281.35 104.06
192869.69 539191.35 116.17
192869.69 539101.35 118.71
192869.69 539011.35 113.29
192869.69 538921.35 110.49
192869.69 538831.35 118.37
192869.69 538741.35 130.14
192869.69 538651.35 145.12
192869.69 538561.35 164.46
192869.69 538471.35 200.14
192869.69 538381.35 231.42
192869.69 538291.35 241.73
192869.69 538201.35 259.67
192869.69 538111.35 274.47
192869.69 538021.35 281.11
192869.69 537931.35 283.51
192869.69 537841.35 270.16
192869.69 537751.35 218.77
192869.69 537661.35 161.65
192869.69 537571.35 122.10
192869.69 537481.35 89.30
192959.69 540001.35 124.38
192959.69 539911.35 142.36
192959.69 539821.35 171.27
192959.69 539731.35 185.16
192959.69 539641.35 166.18
192959.69 539551.35 147.02
192959.69 539461.35 142.66
192959.69 539371.35 135.68
192959.69 539281.35 129.23
192959.69 539191.35 141.26
192959.69 539101.35 153.60
192959.69 539011.35 142.30
192959.69 538921.35 132.35
192959.69 538831.35 147.20
192959.69 538741.35 169.91
192959.69 538651.35 193.19
192959.69 538561.35 233.39
192959.69 538471.35 280.06
192959.69 538381.35 306.03
192959.69 538291.35 308.89
192959.69 538201.35 301.89
192959.69 538111.35 279.06
192959.69 538021.35 250.99
192959.69 537931.35 235.38
192959.69 537841.35 219.78
192959.69 537751.35 182.39
192959.69 537661.35 136.64
192959.69 537571.35 104.97
193049.69 540001.35 141.43
193049.69 539911.35 164.52
193049.69 539821.35 195.77
193049.69 539731.35 208.36
193049.69 539641.35 201.69
193049.69 539551.35 190.12
193049.69 539461.35 183.35
193049.69 539371.35 170.73
193049.69 539281.35 152.50
193049.69 539191.35 158.79
193049.69 539101.35 177.28
193049.69 539011.35 168.36
193049.69 538921.35 155.98
193049.69 538831.35 173.70
193049.69 538741.35 205.74
193049.69 538651.35 242.90
193049.69 538561.35 285.52
193049.69 538471.35 317.95
193049.69 538381.35 330.02
193049.69 538291.35 310.98
193049.69 538201.35 275.96
193049.69 538111.35 246.03
193049.69 538021.35 218.17
193049.69 537931.35 197.08
193049.69 537841.35 180.61
193049.69 537751.35 161.30
193049.69 537661.35 134.96
193139.69 539911.35 183.09
193139.69 539821.35 195.60
193139.69 539731.35 195.41
193139.69 539641.35 194.65
193139.69 539551.35 200.31
193139.69 539461.35 205.52
193139.69 539371.35 194.15
193139.69 539281.35 173.12
193139.69 539191.35 174.61
193139.69 539101.35 189.35
193139.69 539011.35 184.37
193139.69 538921.35 177.17
193139.69 538831.35 190.39
193139.69 538741.35 219.21
193139.69 538651.35 263.06
193139.69 538561.35 303.60
193139.69 538471.35 311.38
193139.69 538381.35 294.78
193139.69 538291.35 269.30
193139.69 538201.35 237.54
193139.69 538111.35 213.25
193139.69 538021.35 194.95
193139.69 537931.35 180.43
193139.69 537841.35 169.82
193139.69 537751.35 149.83
193229.69 539821.35 175.76
193229.69 539731.35 171.94
193229.69 539641.35 172.39
193229.69 539551.35 183.36
193229.69 539461.35 195.03
193229.69 539371.35 200.06
193229.69 539281.35 200.54
193229.69 539191.35 200.48
193229.69 539101.35 205.23
193229.69 539011.35 202.60
193229.69 538921.35 199.23
193229.69 538831.35 215.47
193229.69 538741.35 242.74
193229.69 538651.35 279.09
193229.69 538561.35 300.83
193229.69 538471.35 286.54
193229.69 538381.35 259.37
193229.69 538291.35 236.33
193229.69 538201.35 215.67
193229.69 538111.35 205.35
193229.69 538021.35 207.79
193229.69 537931.35 209.62
193229.69 537841.35 198.24
193319.69 539821.35 157.35
193319.69 539731.35 152.77
193319.69 539641.35 156.92
193319.69 539551.35 166.19
193319.69 539461.35 179.30
193319.69 539371.35 197.60
193319.69 539281.35 218.91
193319.69 539191.35 226.23
193319.69 539101.35 225.87
193319.69 539011.35 224.29
193319.69 538921.35 230.14
193319.69 538831.35 255.08
193319.69 538741.35 275.77
193319.69 538651.35 289.93
193319.69 538561.35 286.56
193319.69 538471.35 263.63
193319.69 538381.35 242.91
193319.69 538291.35 231.61
193319.69 538201.35 224.31
193319.69 538111.35 231.37
193319.69 538021.35 246.04
193319.69 537931.35 242.59
193409.69 539731.35 141.62
193409.69 539641.35 150.92
193409.69 539551.35 162.90
193409.69 539461.35 183.07
193409.69 539371.35 207.30
193409.69 539281.35 228.33
193409.69 539191.35 243.53
193409.69 539101.35 261.75
193409.69 539011.35 264.52
193409.69 538921.35 264.00
193409.69 538831.35 291.46
193409.69 538741.35 302.73
193409.69 538651.35 288.78
193409.69 538561.35 275.94
193409.69 538471.35 264.81
193409.69 538381.35 257.71
193409.69 538291.35 260.80
193409.69 538201.35 259.04
193409.69 538111.35 261.78
193409.69 538021.35 264.61
193499.69 539641.35 160.22
193499.69 539551.35 170.33
193499.69 539461.35 181.48
193499.69 539371.35 198.45
193499.69 539281.35 219.93
193499.69 539191.35 256.60
193499.69 539101.35 306.61
193499.69 539011.35 317.95
193499.69 538921.35 309.81
193499.69 538831.35 319.49
193499.69 538741.35 311.46
193499.69 538651.35 295.79
193499.69 538561.35 289.31
193499.69 538471.35 288.00
193499.69 538381.35 291.98
193499.69 538291.35 294.28
193499.69 538201.35 285.73
193499.69 538111.35 276.11
193589.69 539641.35 172.30
193589.69 539551.35 176.82
193589.69 539461.35 183.45
193589.69 539371.35 196.46
193589.69 539281.35 221.52
193589.69 539191.35 290.20
193589.69 539101.35 355.24
193589.69 539011.35 356.65
193589.69 538921.35 348.81
193589.69 538831.35 341.93
193589.69 538741.35 329.01
193589.69 538651.35 319.32
193589.69 538561.35 313.49
193589.69 538471.35 317.04
193589.69 538381.35 321.90
193589.69 538291.35 315.72
193589.69 538201.35 307.10
193679.69 539551.35 175.69
193679.69 539461.35 186.35
193679.69 539371.35 199.20
193679.69 539281.35 221.68
193679.69 539191.35 295.48
193679.69 539101.35 359.85
193679.69 539011.35 366.14
193679.69 538921.35 371.14
193679.69 538831.35 366.12
193679.69 538741.35 360.58
193679.69 538651.35 356.13
193679.69 538561.35 355.28
193679.69 538471.35 350.50
193679.69 538381.35 339.45
193679.69 538291.35 325.78
193769.69 539461.35 191.16
193769.69 539371.35 205.18
193769.69 539281.35 227.52
193769.69 539191.35 281.06
193769.69 539101.35 335.00
193769.69 539011.35 352.95
193769.69 538921.35 366.15
193769.69 538831.35 379.64
193769.69 538741.35 386.80
193769.69 538651.35 387.14
193769.69 538561.35 382.41
193769.69 538471.35 366.99
193859.69 539461.35 193.50
193859.69 539371.35 210.66
193859.69 539281.35 235.00
193859.69 539191.35 281.50
193859.69 539101.35 325.57
193859.69 539011.35 344.37
193859.69 538921.35 369.42
193859.69 538831.35 388.98
193859.69 538741.35 393.97
193859.69 538651.35 391.81
193859.69 538561.35 382.50
193949.69 539371.35 229.69
193949.69 539281.35 256.66
193949.69 539191.35 291.36
193949.69 539101.35 328.02
193949.69 539011.35 355.01
193949.69 538921.35 381.67
193949.69 538831.35 391.03
193949.69 538741.35 384.55
193949.69 538651.35 373.55
194039.69 539281.35 260.41
194039.69 539191.35 290.98
194039.69 539101.35 333.69
194039.69 539011.35 369.77
194039.69 538921.35 393.44
194039.69 538831.35 388.28
194039.69 538741.35 368.62
194129.69 539191.35 294.54
194129.69 539101.35 356.34
194129.69 539011.35 392.19
194129.69 538921.35 391.22
