200338.43 549354.51 76.30
200338.43 549264.51 68.53
200338.43 549174.51 58.59
200338.43 549084.51 51.80
200338.43 548994.51 42.89
200428.43 549534.51 107.77
200428.43 549444.51 111.10
200428.43 549354.51 108.78
200428.43 549264.51 92.04
200428.43 549174.51 71.32
200428.43 549084.51 57.79
200428.43 548994.51 45.10
200428.43 548904.51 35.45
200518.43 549624.51 104.30
200518.43 549534.51 113.12
200518.43 549444.51 130.08
200518.43 549354.51 130.96
200518.43 549264.51 97.79
200518.43 549174.51 71.43
200518.43 549084.51 57.58
200518.43 548994.51 48.74
200518.43 548904.51 46.11
200518.43 548814.51 46.87
200608.43 549804.51 78.19
200608.43 549714.51 88.69
200608.43 549624.51 103.70
200608.43 549534.51 122.55
200608.43 549444.51 141.42
200608.43 549354.51 137.08
200608.43 549264.51 99.23
200608.43 549174.51 71.11
200608.43 549084.51 63.13
200608.43 548994.51 65.51
200608.43 548904.51 67.26
200608.43 548814.51 66.85
200608.43 548724.51 64.41
200698.43 549894.51 80.66
200698.43 549804.51 82.52
200698.43 549714.51 96.62
200698.43 549624.51 115.72
200698.43 549534.51 140.98
200698.43 549444.51 156.48
200698.43 549354.51 144.03
200698.43 549264.51 107.22
200698.43 549174.51 84.72
200698.43 549084.51 78.19
200698.43 548994.51 82.56
200698.43 548904.51 84.76
200698.43 548814.51 84.36
200698.43 548724.51 78.68
200698.43 548634.51 61.83
200698.43 548544.51 38.30
200788.43 550074.51 79.39
200788.43 549984.51 89.27
200788.43 549894.51 99.37
200788.43 549804.51 112.49
200788.43 549714.51 122.40
200788.43 549624.51 123.72
200788.43 549534.51 139.81
200788.43 549444.51 157.47
200788.43 549354.51 146.92
200788.43 549264.51 109.34
200788.43 549174.51 91.98
200788.43 549084.51 91.91
200788.43 548994.51 96.79
200788.43 548904.51 98.68
200788.43 548814.51 87.14
200788.43 548724.51 72.17
200788.43 548634.51 57.86
200788.43 548544.51 39.48
200788.43 548454.51 24.81
200878.43 550164.51 65.18
200878.43 550074.51 77.05
200878.43 549984.51 88.20
200878.43 549894.51 101.16
200878.43 549804.51 104.62
200878.43 549714.51 107.44
200878.43 549624.51 104.58
200878.43 549534.51 112.34
200878.43 549444.51 120.32
200878.43 549354.51 104.87
200878.43 549264.51 77.84
200878.43 549174.51 65.70
200878.43 549084.51 67.60
200878.43 548994.51 76.69
200878.43 548904.51 85.10
200878.43 548814.51 79.81
200878.43 548724.51 65.34
200878.43 548634.51 52.51
200878.43 548544.51 41.09
200878.43 548454.51 33.70
200878.43 548364.51 36.77
200968.43 550344.51 43.70
200968.43 550254.51 50.00
200968.43 550164.51 63.22
200968.43 550074.51 77.09
200968.43 549984.51 92.67
200968.43 549894.51 98.30
200968.43 549804.51 88.50
200968.43 549714.51 88.79
200968.43 549624.51 87.26
200968.43 549534.51 87.12
200968.43 549444.51 84.24
200968.43 549354.51 70.53
200968.43 549264.51 53.22
200968.43 549174.51 44.51
200968.43 549084.51 45.08
200968.43 548994.51 54.86
200968.43 548904.51 68.58
200968.43 548814.51 71.39
200968.43 548724.51 62.83
200968.43 548634.51 53.07
200968.43 548544.51 49.24
200968.43 548454.51 49.59
200968.43 548364.51 54.31
200968.43 548274.51 62.00
201058.43 550434.51 45.88
201058.43 550344.51 47.97
201058.43 550254.51 50.98
201058.43 550164.51 64.20
201058.43 550074.51 81.78
201058.43 549984.51 88.97
201058.43 549894.51 78.71
201058.43 549804.51 73.64
201058.43 549714.51 75.81
201058.43 549624.51 75.64
201058.43 549534.51 71.54
201058.43 549444.51 61.63
201058.43 549354.51 53.04
201058.43 549264.51 39.73
201058.43 549174.51 34.51
201058.43 549084.51 35.45
201058.43 548994.51 45.15
201058.43 548904.51 66.58
201058.43 548814.51 74.60
201058.43 548724.51 66.93
201058.43 548634.51 58.20
201058.43 548544.51 60.52
201058.43 548454.51 65.40
201058.43 548364.51 61.03
201058.43 548274.51 54.61
201058.43 548184.51 40.15
201058.43 548094.51 22.44
201148.43 550614.51 40.71
201148.43 550524.51 44.91
201148.43 550434.51 53.66
201148.43 550344.51 58.20
201148.43 550254.51 65.99
201148.43 550164.51 81.14
201148.43 550074.51 92.05
201148.43 549984.51 79.15
201148.43 549894.51 59.23
201148.43 549804.51 56.50
201148.43 549714.51 65.88
201148.43 549624.51 76.21
201148.43 549534.51 70.62
201148.43 549444.51 56.17
201148.43 549354.51 43.52
201148.43 549264.51 30.90
201148.43 549174.51 25.32
201148.43 549084.51 27.10
201148.43 548994.51 40.50
201148.43 548904.51 57.52
201148.43 548814.51 72.78
201148.43 548724.51 77.86
201148.43 548634.51 73.46
201148.43 548544.51 64.75
201148.43 548454.51 52.85
201148.43 548364.51 39.47
201148.43 548274.51 24.98
201148.43 548184.51 14.42
201148.43 548094.51 8.28
201148.43 548004.51 5.86
201238.43 550704.51 42.71
201238.43 550614.51 49.29
201238.43 550524.51 54.99
201238.43 550434.51 67.60
201238.43 550344.51 81.16
201238.43 550254.51 93.43
201238.43 550164.51 98.56
201238.43 550074.51 89.22
201238.43 549984.51 68.32
201238.43 549894.51 48.85
201238.43 549804.51 48.32
201238.43 549714.51 64.35
201238.43 549624.51 74.68
201238.43 549534.51 70.22
201238.43 549444.51 56.93
201238.43 549354.51 40.68
201238.43 549264.51 27.13
201238.43 549174.51 19.19
201238.43 549084.51 21.79
201238.43 548994.51 38.32
201238.43 548904.51 50.94
201238.43 548814.51 63.06
201238.43 548724.51 71.54
201238.43 548634.51 67.64
201238.43 548544.51 46.63
201238.43 548454.51 23.26
201238.43 548364.51 13.09
201238.43 548274.51 7.91
201238.43 548184.51 5.49
201238.43 548094.51 5.41
201238.43 548004.51 5.38
201238.43 547914.51 5.31
201328.43 550884.51 38.85
201328.43 550794.51 42.56
201328.43 550704.51 50.53
201328.43 550614.51 57.87
201328.43 550524.51 71.30
201328.43 550434.51 91.40
201328.43 550344.51 111.01
201328.43 550254.51 117.81
201328.43 550164.51 99.77
201328.43 550074.51 76.61
201328.43 549984.51 53.87
201328.43 549894.51 38.25
201328.43 549804.51 43.58
201328.43 549714.51 56.96
201328.43 549624.51 63.32
201328.43 549534.51 59.85
201328.43 549444.51 48.00
201328.43 549354.51 35.21
201328.43 549264.51 22.77
201328.43 549174.51 14.99
201328.43 549084.51 17.51
201328.43 548994.51 27.50
201328.43 548904.51 40.75
201328.43 548814.51 47.87
201328.43 548724.51 49.12
201328.43 548634.51 40.17
201328.43 548544.51 20.46
201328.43 548454.51 7.81
201328.43 548364.51 5.33
201328.43 548274.51 5.17
201328.43 548184.51 5.15
201328.43 548094.51 5.12
201328.43 548004.51 5.08
201328.43 547914.51 5.02
201418.43 550974.51 43.55
201418.43 550884.51 51.22
201418.43 550794.51 59.34
201418.43 550704.51 65.74
201418.43 550614.51 71.16
201418.43 550524.51 81.95
201418.43 550434.51 104.90
201418.43 550344.51 125.35
201418.43 550254.51 118.56
201418.43 550164.51 91.14
201418.43 550074.51 70.66
201418.43 549984.51 45.98
201418.43 549894.51 34.55
201418.43 549804.51 38.85
201418.43 549714.51 41.07
201418.43 549624.51 51.19
201418.43 549534.51 51.57
201418.43 549444.51 37.18
201418.43 549354.51 26.58
201418.43 549264.51 18.44
201418.43 549174.51 13.30
201418.43 549084.51 15.88
201418.43 548994.51 21.00
201418.43 548904.51 27.09
201418.43 548814.51 28.19
201418.43 548724.51 21.74
201418.43 548634.51 13.90
201418.43 548544.51 7.71
201418.43 548454.51 5.26
201418.43 548364.51 5.12
201418.43 548274.51 5.03
201418.43 548184.51 4.95
201418.43 548094.51 4.88
201418.43 548004.51 4.82
201418.43 547914.51 4.74
201418.43 547824.51 4.55
201508.43 551154.51 38.26
201508.43 551064.51 47.86
201508.43 550974.51 52.58
201508.43 550884.51 61.01
201508.43 550794.51 79.03
201508.43 550704.51 89.71
201508.43 550614.51 90.54
201508.43 550524.51 93.53
201508.43 550434.51 105.62
201508.43 550344.51 120.35
201508.43 550254.51 113.13
201508.43 550164.51 92.47
201508.43 550074.51 75.51
201508.43 549984.51 46.26
201508.43 549894.51 31.37
201508.43 549804.51 33.13
201508.43 549714.51 39.87
201508.43 549624.51 51.63
201508.43 549534.51 50.26
201508.43 549444.51 38.18
201508.43 549354.51 24.71
201508.43 549264.51 16.09
201508.43 549174.51 13.37
201508.43 549084.51 15.04
201508.43 548994.51 17.80
201508.43 548904.51 15.99
201508.43 548814.51 12.06
201508.43 548724.51 8.24
201508.43 548634.51 6.05
201508.43 548544.51 5.53
201508.43 548454.51 5.22
201508.43 548364.51 5.05
201508.43 548274.51 4.91
201508.43 548184.51 4.79
201508.43 548094.51 4.69
201508.43 548004.51 4.59
201508.43 547914.51 4.50
201508.43 547824.51 4.31
201598.43 552594.51 18.37
201598.43 552504.51 18.44
201598.43 551244.51 30.70
201598.43 551154.51 38.33
201598.43 551064.51 47.70
201598.43 550974.51 56.17
201598.43 550884.51 67.40
201598.43 550794.51 78.99
201598.43 550704.51 79.56
201598.43 550614.51 76.12
201598.43 550524.51 75.46
201598.43 550434.51 78.06
201598.43 550344.51 84.22
201598.43 550254.51 81.28
201598.43 550164.51 68.75
201598.43 550074.51 60.14
201598.43 549984.51 38.98
201598.43 549894.51 25.12
201598.43 549804.51 31.99
201598.43 549714.51 41.60
201598.43 549624.51 51.74
201598.43 549534.51 57.50
201598.43 549444.51 49.37
201598.43 549354.51 35.70
201598.43 549264.51 23.69
201598.43 549174.51 16.60
201598.43 549084.51 12.74
201598.43 548994.51 9.95
201598.43 548904.51 8.07
201598.43 548814.51 6.42
201598.43 548724.51 5.85
201598.43 548634.51 5.67
201598.43 548544.51 5.36
201598.43 548454.51 5.08
201598.43 548364.51 4.90
201598.43 548274.51 4.73
201598.43 548184.51 4.57
201598.43 548094.51 4.42
201598.43 548004.51 4.27
201598.43 547914.51 4.14
201598.43 547824.51 3.94
201688.43 552774.51 19.53
201688.43 552684.51 19.06
201688.43 552594.51 18.55
201688.43 552504.51 17.65
201688.43 552414.51 18.89
201688.43 552324.51 21.82
201688.43 552234.51 21.57
201688.43 552144.51 23.11
201688.43 551424.51 30.75
201688.43 551334.51 34.58
201688.43 551244.51 34.77
201688.43 551154.51 38.33
201688.43 551064.51 47.87
201688.43 550974.51 62.81
201688.43 550884.51 76.30
201688.43 550794.51 77.35
201688.43 550704.51 68.34
201688.43 550614.51 62.09
201688.43 550524.51 62.23
201688.43 550434.51 70.08
201688.43 550344.51 76.45
201688.43 550254.51 74.41
201688.43 550164.51 65.19
201688.43 550074.51 53.34
201688.43 549984.51 32.64
201688.43 549894.51 24.21
201688.43 549804.51 29.46
201688.43 549714.51 38.92
201688.43 549624.51 53.44
201688.43 549534.51 65.20
201688.43 549444.51 63.39
201688.43 549354.51 60.53
201688.43 549264.51 39.11
201688.43 549174.51 16.00
201688.43 549084.51 9.36
201688.43 548994.51 6.33
201688.43 548904.51 5.89
201688.43 548814.51 5.79
201688.43 548724.51 5.67
201688.43 548634.51 5.52
201688.43 548544.51 5.24
201688.43 548454.51 4.97
201688.43 548364.51 4.78
201688.43 548274.51 4.60
201688.43 548184.51 4.42
201688.43 548094.51 4.23
201688.43 548004.51 4.05
201688.43 547914.51 3.90
201688.43 547824.51 5.26
201778.43 552864.51 20.13
201778.43 552774.51 18.57
201778.43 552684.51 18.81
201778.43 552594.51 18.72
201778.43 552504.51 16.69
201778.43 552414.51 18.84
201778.43 552324.51 26.04
201778.43 552234.51 28.08
201778.43 552144.51 26.59
201778.43 552054.51 25.57
201778.43 551964.51 25.00
201778.43 551874.51 25.00
201778.43 551784.51 24.67
201778.43 551514.51 29.51
201778.43 551424.51 32.31
201778.43 551334.51 36.26
201778.43 551244.51 41.08
201778.43 551154.51 46.07
201778.43 551064.51 57.24
201778.43 550974.51 72.68
201778.43 550884.51 80.22
201778.43 550794.51 76.53
201778.43 550704.51 73.07
201778.43 550614.51 67.30
201778.43 550524.51 59.20
201778.43 550434.51 59.82
201778.43 550344.51 68.03
201778.43 550254.51 73.70
201778.43 550164.51 69.19
201778.43 550074.51 54.38
201778.43 549984.51 30.97
201778.43 549894.51 20.55
201778.43 549804.51 25.87
201778.43 549714.51 40.19
201778.43 549624.51 51.78
201778.43 549534.51 56.04
201778.43 549444.51 54.13
201778.43 549354.51 57.56
201778.43 549264.51 39.51
201778.43 549174.51 13.83
201778.43 549084.51 6.88
201778.43 548994.51 5.77
201778.43 548904.51 5.77
201778.43 548814.51 5.67
201778.43 548724.51 5.56
201778.43 548634.51 5.43
201778.43 548544.51 5.17
201778.43 548454.51 4.91
201778.43 548364.51 4.71
201778.43 548274.51 4.51
201778.43 548184.51 4.32
201778.43 548094.51 4.12
201778.43 548004.51 3.91
201778.43 547914.51 3.73
201778.43 547824.51 7.25
201868.43 552864.51 18.68
201868.43 552774.51 18.06
201868.43 552684.51 18.27
201868.43 552594.51 18.52
201868.43 552504.51 17.11
201868.43 552414.51 19.50
201868.43 552324.51 27.09
201868.43 552234.51 28.68
201868.43 552144.51 24.62
201868.43 552054.51 24.01
201868.43 551964.51 25.00
201868.43 551874.51 25.00
201868.43 551784.51 24.97
201868.43 551694.51 26.52
201868.43 551604.51 30.16
201868.43 551514.51 33.31
201868.43 551424.51 37.04
201868.43 551334.51 42.98
201868.43 551244.51 49.83
201868.43 551154.51 57.29
201868.43 551064.51 69.18
201868.43 550974.51 77.80
201868.43 550884.51 79.09
201868.43 550794.51 76.25
201868.43 550704.51 75.78
201868.43 550614.51 71.66
201868.43 550524.51 60.96
201868.43 550434.51 51.37
201868.43 550344.51 59.80
201868.43 550254.51 73.20
201868.43 550164.51 64.51
201868.43 550074.51 45.71
201868.43 549984.51 26.65
201868.43 549894.51 17.30
201868.43 549804.51 27.08
201868.43 549714.51 42.01
201868.43 549624.51 47.22
201868.43 549534.51 37.08
201868.43 549444.51 33.37
201868.43 549354.51 38.77
201868.43 549264.51 24.63
201868.43 549174.51 7.90
201868.43 549084.51 4.99
201868.43 548994.51 5.43
201868.43 548904.51 5.57
201868.43 548814.51 5.50
201868.43 548724.51 5.42
201868.43 548634.51 5.32
201868.43 548544.51 5.10
201868.43 548454.51 4.85
201868.43 548364.51 4.65
201868.43 548274.51 4.44
201868.43 548184.51 4.23
201868.43 548094.51 4.01
201868.43 548004.51 3.77
201868.43 547914.51 5.66
201868.43 547824.51 12.08
201958.43 552954.51 18.97
201958.43 552864.51 18.07
201958.43 552774.51 17.86
201958.43 552684.51 18.00
201958.43 552594.51 18.37
201958.43 552504.51 16.31
201958.43 552414.51 18.33
201958.43 552324.51 23.07
201958.43 552234.51 22.82
201958.43 552144.51 20.84
201958.43 552054.51 21.48
201958.43 551964.51 23.38
201958.43 551874.51 24.48
201958.43 551784.51 25.24
201958.43 551694.51 28.93
201958.43 551604.51 32.45
201958.43 551514.51 35.74
201958.43 551424.51 42.30
201958.43 551334.51 49.04
201958.43 551244.51 57.98
201958.43 551154.51 66.87
201958.43 551064.51 72.72
201958.43 550974.51 75.34
201958.43 550884.51 76.38
201958.43 550794.51 78.38
201958.43 550704.51 76.75
201958.43 550614.51 69.20
201958.43 550524.51 57.50
201958.43 550434.51 46.27
201958.43 550344.51 52.31
201958.43 550254.51 60.51
201958.43 550164.51 60.42
201958.43 550074.51 51.27
201958.43 549984.51 28.71
201958.43 549894.51 18.82
201958.43 549804.51 25.43
201958.43 549714.51 36.04
201958.43 549624.51 42.19
201958.43 549534.51 28.63
201958.43 549444.51 19.57
201958.43 549354.51 21.89
201958.43 549264.51 12.53
201958.43 549174.51 4.02
201958.43 549084.51 4.31
201958.43 548994.51 5.20
201958.43 548904.51 5.37
201958.43 548814.51 5.34
201958.43 548724.51 5.29
201958.43 548634.51 5.21
201958.43 548544.51 5.02
201958.43 548454.51 4.80
201958.43 548364.51 4.61
201958.43 548274.51 4.38
201958.43 548184.51 4.17
201958.43 548094.51 3.93
201958.43 548004.51 5.96
201958.43 547914.51 11.59
201958.43 547824.51 16.43
202048.43 552954.51 18.31
202048.43 552864.51 17.92
202048.43 552774.51 17.78
202048.43 552684.51 17.83
202048.43 552594.51 18.04
202048.43 552504.51 15.93
202048.43 552414.51 17.24
202048.43 552324.51 16.26
202048.43 552234.51 12.44
202048.43 552144.51 15.20
202048.43 552054.51 19.64
202048.43 551964.51 22.81
202048.43 551874.51 24.62
202048.43 551784.51 25.91
202048.43 551694.51 29.97
202048.43 551604.51 34.60
202048.43 551514.51 41.00
202048.43 551424.51 48.78
202048.43 551334.51 58.15
202048.43 551244.51 65.50
202048.43 551154.51 68.23
202048.43 551064.51 68.72
202048.43 550974.51 69.10
202048.43 550884.51 71.51
202048.43 550794.51 71.40
202048.43 550704.51 64.78
202048.43 550614.51 58.96
202048.43 550524.51 53.40
202048.43 550434.51 43.26
202048.43 550344.51 42.49
202048.43 550254.51 47.10
202048.43 550164.51 50.93
202048.43 550074.51 52.60
202048.43 549984.51 34.23
202048.43 549894.51 18.31
202048.43 549804.51 22.57
202048.43 549714.51 32.58
202048.43 549624.51 34.51
202048.43 549534.51 22.22
202048.43 549444.51 14.58
202048.43 549354.51 13.30
202048.43 549264.51 7.10
202048.43 549174.51 3.38
202048.43 549084.51 4.21
202048.43 548994.51 5.02
202048.43 548904.51 5.20
202048.43 548814.51 5.20
202048.43 548724.51 5.17
202048.43 548634.51 5.11
202048.43 548544.51 4.95
202048.43 548454.51 4.76
202048.43 548364.51 4.58
202048.43 548274.51 4.35
202048.43 548184.51 4.14
202048.43 548094.51 6.62
202048.43 548004.51 13.29
202048.43 547914.51 17.89
202138.43 552954.51 17.93
202138.43 552864.51 17.83
202138.43 552774.51 17.78
202138.43 552684.51 17.74
202138.43 552594.51 17.84
202138.43 552504.51 17.62
202138.43 552414.51 17.86
202138.43 552324.51 17.79
202138.43 552234.51 17.43
202138.43 552144.51 19.16
202138.43 552054.51 21.13
202138.43 551964.51 23.35
202138.43 551874.51 24.88
202138.43 551784.51 26.28
202138.43 551694.51 30.82
202138.43 551604.51 36.14
202138.43 551514.51 48.98
202138.43 551424.51 61.70
202138.43 551334.51 65.36
202138.43 551244.51 61.64
202138.43 551154.51 55.18
202138.43 551064.51 56.08
202138.43 550974.51 63.05
202138.43 550884.51 67.06
202138.43 550794.51 64.71
202138.43 550704.51 56.80
202138.43 550614.51 50.93
202138.43 550524.51 47.92
202138.43 550434.51 41.55
202138.43 550344.51 35.76
202138.43 550254.51 37.10
202138.43 550164.51 41.42
202138.43 550074.51 48.34
202138.43 549984.51 37.15
202138.43 549894.51 19.27
202138.43 549804.51 16.91
202138.43 549714.51 19.50
202138.43 549624.51 18.85
202138.43 549534.51 14.97
202138.43 549444.51 12.99
202138.43 549354.51 9.85
202138.43 549264.51 5.02
202138.43 549174.51 3.39
202138.43 549084.51 4.13
202138.43 548994.51 4.88
202138.43 548904.51 5.06
202138.43 548814.51 5.07
202138.43 548724.51 5.06
202138.43 548634.51 5.02
202138.43 548544.51 4.89
202138.43 548454.51 4.73
202138.43 548364.51 4.56
202138.43 548274.51 4.32
202138.43 548184.51 8.75
202138.43 548094.51 15.46
202138.43 548004.51 18.72
202138.43 547914.51 19.19
202228.43 552954.51 17.78
202228.43 552864.51 17.78
202228.43 552774.51 17.90
202228.43 552684.51 17.84
202228.43 552594.51 17.74
202228.43 552504.51 18.03
202228.43 552414.51 15.82
202228.43 552324.51 17.01
202228.43 552234.51 19.07
202228.43 552144.51 19.45
202228.43 552054.51 20.08
202228.43 551964.51 20.95
202228.43 551874.51 22.70
202228.43 551784.51 25.59
202228.43 551694.51 29.99
202228.43 551604.51 37.86
202228.43 551514.51 53.11
202228.43 551424.51 66.37
202228.43 551334.51 65.42
202228.43 551244.51 56.59
202228.43 551154.51 46.50
202228.43 551064.51 50.28
202228.43 550974.51 62.09
202228.43 550884.51 64.83
202228.43 550794.51 62.99
202228.43 550704.51 58.54
202228.43 550614.51 54.86
202228.43 550524.51 51.99
202228.43 550434.51 46.64
202228.43 550344.51 37.81
202228.43 550254.51 29.51
202228.43 550164.51 27.23
202228.43 550074.51 34.06
202228.43 549984.51 30.96
202228.43 549894.51 21.01
202228.43 549804.51 16.24
202228.43 549714.51 14.06
202228.43 549624.51 13.85
202228.43 549534.51 15.25
202228.43 549444.51 12.67
202228.43 549354.51 6.63
202228.43 549264.51 3.66
202228.43 549174.51 3.38
202228.43 549084.51 4.07
202228.43 548994.51 4.76
202228.43 548904.51 4.94
202228.43 548814.51 4.97
202228.43 548724.51 4.97
202228.43 548634.51 4.95
202228.43 548544.51 4.85
202228.43 548454.51 4.71
202228.43 548364.51 4.55
202228.43 548274.51 9.40
202228.43 548184.51 16.46
202228.43 548094.51 19.44
202228.43 548004.51 19.58
202228.43 547914.51 19.64
202318.43 552954.51 17.88
202318.43 552864.51 17.78
202318.43 552774.51 17.82
202318.43 552684.51 17.71
202318.43 552594.51 17.54
202318.43 552504.51 17.47
202318.43 552414.51 16.83
202318.43 552324.51 17.01
202318.43 552234.51 18.04
202318.43 552144.51 22.28
202318.43 552054.51 24.72
202318.43 551964.51 23.73
202318.43 551874.51 26.12
202318.43 551784.51 28.74
202318.43 551694.51 30.88
202318.43 551604.51 37.04
202318.43 551514.51 48.04
202318.43 551424.51 62.89
202318.43 551334.51 56.09
202318.43 551244.51 40.31
202318.43 551154.51 43.19
202318.43 551064.51 50.81
202318.43 550974.51 51.76
202318.43 550884.51 50.11
202318.43 550794.51 48.63
202318.43 550704.51 52.55
202318.43 550614.51 65.47
202318.43 550524.51 73.82
202318.43 550434.51 63.12
202318.43 550344.51 50.31
202318.43 550254.51 43.94
202318.43 550164.51 39.67
202318.43 550074.51 38.12
202318.43 549984.51 33.29
202318.43 549894.51 28.40
202318.43 549804.51 26.38
202318.43 549714.51 31.97
202318.43 549624.51 34.99
202318.43 549534.51 21.20
202318.43 549444.51 7.80
202318.43 549354.51 3.92
202318.43 549264.51 3.20
202318.43 549174.51 3.32
202318.43 549084.51 3.96
202318.43 548994.51 4.59
202318.43 548904.51 4.76
202318.43 548814.51 4.81
202318.43 548724.51 4.84
202318.43 548634.51 4.87
202318.43 548544.51 4.87
202318.43 548454.51 4.83
202318.43 548364.51 10.16
202318.43 548274.51 16.88
202318.43 548184.51 19.16
202318.43 548094.51 19.27
202318.43 548004.51 19.86
202318.43 547914.51 21.75
202408.43 552954.51 17.80
202408.43 552864.51 17.20
202408.43 552774.51 17.12
202408.43 552684.51 17.57
202408.43 552594.51 17.85
202408.43 552504.51 17.95
202408.43 552414.51 18.26
202408.43 552324.51 15.62
202408.43 552234.51 16.83
202408.43 552144.51 24.90
202408.43 552054.51 30.26
202408.43 551964.51 30.13
202408.43 551874.51 29.25
202408.43 551784.51 29.34
202408.43 551694.51 32.07
202408.43 551604.51 38.26
202408.43 551514.51 47.66
202408.43 551424.51 51.83
202408.43 551334.51 41.99
202408.43 551244.51 32.28
202408.43 551154.51 39.56
202408.43 551064.51 46.97
202408.43 550974.51 43.57
202408.43 550884.51 39.04
202408.43 550794.51 35.35
202408.43 550704.51 46.64
202408.43 550614.51 74.22
202408.43 550524.51 91.14
202408.43 550434.51 86.02
202408.43 550344.51 74.03
202408.43 550254.51 61.87
202408.43 550164.51 51.85
202408.43 550074.51 47.55
202408.43 549984.51 41.62
202408.43 549894.51 42.94
202408.43 549804.51 46.07
202408.43 549714.51 52.38
202408.43 549624.51 41.28
202408.43 549534.51 16.70
202408.43 549444.51 5.39
202408.43 549354.51 3.11
202408.43 549264.51 6.37
202408.43 549174.51 8.77
202408.43 549084.51 6.18
202408.43 548994.51 4.44
202408.43 548904.51 4.60
202408.43 548814.51 4.67
202408.43 548724.51 4.75
202408.43 548634.51 4.81
202408.43 548544.51 4.90
202408.43 548454.51 4.98
202408.43 548364.51 13.64
202408.43 548274.51 19.82
202408.43 548184.51 19.03
202408.43 548094.51 18.99
202408.43 548004.51 20.00
202408.43 547914.51 22.88
202498.43 552954.51 17.26
202498.43 552864.51 16.83
202498.43 552774.51 16.71
202498.43 552684.51 17.50
202498.43 552594.51 17.98
202498.43 552504.51 18.13
202498.43 552414.51 18.29
202498.43 552324.51 16.85
202498.43 552234.51 17.45
202498.43 552144.51 23.12
202498.43 552054.51 28.53
202498.43 551964.51 28.55
202498.43 551874.51 26.86
202498.43 551784.51 28.93
202498.43 551694.51 32.73
202498.43 551604.51 39.04
202498.43 551514.51 43.53
202498.43 551424.51 43.04
202498.43 551334.51 35.54
202498.43 551244.51 28.14
202498.43 551154.51 31.88
202498.43 551064.51 37.55
202498.43 550974.51 35.68
202498.43 550884.51 30.31
202498.43 550794.51 31.93
202498.43 550704.51 48.72
202498.43 550614.51 84.00
202498.43 550524.51 107.90
202498.43 550434.51 103.72
202498.43 550344.51 89.56
202498.43 550254.51 78.19
202498.43 550164.51 70.14
202498.43 550074.51 60.02
202498.43 549984.51 57.95
202498.43 549894.51 67.48
202498.43 549804.51 68.88
202498.43 549714.51 51.56
202498.43 549624.51 25.00
202498.43 549534.51 8.22
202498.43 549444.51 3.74
202498.43 549354.51 2.93
202498.43 549264.51 8.80
202498.43 549174.51 12.62
202498.43 549084.51 7.50
202498.43 548994.51 4.23
202498.43 548904.51 4.45
202498.43 548814.51 4.56
202498.43 548724.51 4.68
202498.43 548634.51 4.78
202498.43 548544.51 4.96
202498.43 548454.51 5.14
202498.43 548364.51 14.16
202498.43 548274.51 20.22
202498.43 548184.51 19.08
202498.43 548094.51 19.00
202498.43 548004.51 20.61
202498.43 547914.51 22.97
202588.43 552954.51 16.43
202588.43 552864.51 16.35
202588.43 552774.51 16.14
202588.43 552684.51 16.81
202588.43 552594.51 17.49
202588.43 552504.51 17.84
202588.43 552414.51 18.29
202588.43 552324.51 18.35
202588.43 552234.51 17.85
202588.43 552144.51 21.06
202588.43 552054.51 25.60
202588.43 551964.51 25.30
202588.43 551874.51 24.88
202588.43 551784.51 27.76
202588.43 551694.51 31.12
202588.43 551604.51 34.57
202588.43 551514.51 37.66
202588.43 551424.51 35.59
202588.43 551334.51 28.73
202588.43 551244.51 28.34
202588.43 551154.51 29.61
202588.43 551064.51 30.82
202588.43 550974.51 29.71
202588.43 550884.51 25.32
202588.43 550794.51 33.89
202588.43 550704.51 56.14
202588.43 550614.51 86.13
202588.43 550524.51 105.07
202588.43 550434.51 103.88
202588.43 550344.51 92.52
202588.43 550254.51 76.55
202588.43 550164.51 61.85
202588.43 550074.51 49.03
202588.43 549984.51 55.52
202588.43 549894.51 77.21
202588.43 549804.51 67.20
202588.43 549714.51 34.39
202588.43 549624.51 14.01
202588.43 549534.51 5.59
202588.43 549444.51 3.00
202588.43 549354.51 5.83
202588.43 549264.51 13.83
202588.43 549174.51 15.94
202588.43 549084.51 8.32
202588.43 548994.51 4.01
202588.43 548904.51 4.31
202588.43 548814.51 4.49
202588.43 548724.51 4.65
202588.43 548634.51 4.80
202588.43 548544.51 5.05
202588.43 548454.51 5.28
202588.43 548364.51 14.03
202588.43 548274.51 20.18
202588.43 548184.51 19.22
202588.43 548094.51 18.90
202588.43 548004.51 19.55
202588.43 547914.51 20.13
202678.43 552954.51 16.19
202678.43 552864.51 15.99
202678.43 552774.51 15.63
202678.43 552684.51 16.11
202678.43 552594.51 16.61
202678.43 552504.51 17.59
202678.43 552414.51 18.69
202678.43 552324.51 18.78
202678.43 552234.51 17.37
202678.43 552144.51 20.91
202678.43 552054.51 24.38
202678.43 551964.51 23.09
202678.43 551874.51 23.37
202678.43 551784.51 25.25
202678.43 551694.51 28.41
202678.43 551604.51 31.28
202678.43 551514.51 31.43
202678.43 551424.51 27.72
202678.43 551334.51 23.89
202678.43 551244.51 26.07
202678.43 551154.51 26.16
202678.43 551064.51 28.20
202678.43 550974.51 26.61
202678.43 550884.51 23.13
202678.43 550794.51 31.28
202678.43 550704.51 51.11
202678.43 550614.51 66.26
202678.43 550524.51 77.15
202678.43 550434.51 89.09
202678.43 550344.51 84.01
202678.43 550254.51 65.75
202678.43 550164.51 52.40
202678.43 550074.51 39.67
202678.43 549984.51 40.05
202678.43 549894.51 63.66
202678.43 549804.51 54.56
202678.43 549714.51 22.17
202678.43 549624.51 8.28
202678.43 549534.51 4.41
202678.43 549444.51 3.97
202678.43 549354.51 9.24
202678.43 549264.51 16.89
202678.43 549174.51 16.56
202678.43 549084.51 8.13
202678.43 548994.51 3.84
202678.43 548904.51 4.22
202678.43 548814.51 4.47
202678.43 548724.51 4.67
202678.43 548634.51 4.85
202678.43 548544.51 5.13
202678.43 548454.51 5.43
202678.43 548364.51 11.63
202678.43 548274.51 18.39
202678.43 548184.51 19.41
202678.43 548094.51 18.76
202678.43 548004.51 18.34
202678.43 547914.51 18.25
202768.43 552954.51 15.69
202768.43 552864.51 15.55
202768.43 552774.51 15.25
202768.43 552684.51 15.69
202768.43 552594.51 16.65
202768.43 552504.51 17.91
202768.43 552414.51 18.89
202768.43 552324.51 18.82
202768.43 552234.51 18.11
202768.43 552144.51 22.12
202768.43 552054.51 23.95
202768.43 551964.51 21.54
202768.43 551874.51 21.58
202768.43 551784.51 23.44
202768.43 551694.51 27.16
202768.43 551604.51 30.06
202768.43 551514.51 29.75
202768.43 551424.51 25.14
202768.43 551334.51 21.78
202768.43 551244.51 22.27
202768.43 551154.51 22.29
202768.43 551064.51 25.64
202768.43 550974.51 23.92
202768.43 550884.51 20.80
202768.43 550794.51 26.45
202768.43 550704.51 43.07
202768.43 550614.51 51.39
202768.43 550524.51 57.12
202768.43 550434.51 71.48
202768.43 550344.51 68.81
202768.43 550254.51 52.61
202768.43 550164.51 41.90
202768.43 550074.51 30.34
202768.43 549984.51 33.05
202768.43 549894.51 48.13
202768.43 549804.51 33.97
202768.43 549714.51 11.18
202768.43 549624.51 4.90
202768.43 549534.51 4.06
202768.43 549444.51 7.82
202768.43 549354.51 14.82
202768.43 549264.51 18.79
202768.43 549174.51 17.74
202768.43 549084.51 9.46
202768.43 548994.51 3.94
202768.43 548904.51 4.22
202768.43 548814.51 4.51
202768.43 548724.51 4.73
202768.43 548634.51 4.92
202768.43 548544.51 5.20
202768.43 548454.51 5.49
202768.43 548364.51 8.36
202768.43 548274.51 16.05
202768.43 548184.51 19.79
202768.43 548094.51 19.05
202768.43 548004.51 18.70
202768.43 547914.51 18.76
202858.43 552954.51 15.51
202858.43 552864.51 15.33
202858.43 552774.51 15.12
202858.43 552684.51 15.87
202858.43 552594.51 17.02
202858.43 552504.51 17.96
202858.43 552414.51 18.39
202858.43 552324.51 15.84
202858.43 552234.51 16.02
202858.43 552144.51 21.65
202858.43 552054.51 23.16
202858.43 551964.51 20.79
202858.43 551874.51 20.21
202858.43 551784.51 22.30
202858.43 551694.51 25.64
202858.43 551604.51 26.93
202858.43 551514.51 27.95
202858.43 551424.51 26.10
202858.43 551334.51 21.83
202858.43 551244.51 19.89
202858.43 551154.51 19.78
202858.43 551064.51 21.33
202858.43 550974.51 20.78
202858.43 550884.51 19.83
202858.43 550794.51 24.16
202858.43 550704.51 29.81
202858.43 550614.51 38.64
202858.43 550524.51 48.93
202858.43 550434.51 53.06
202858.43 550344.51 46.14
202858.43 550254.51 33.90
202858.43 550164.51 25.17
202858.43 550074.51 18.64
202858.43 549984.51 24.40
202858.43 549894.51 28.35
202858.43 549804.51 15.13
202858.43 549714.51 5.12
202858.43 549624.51 4.41
202858.43 549534.51 7.23
202858.43 549444.51 13.24
202858.43 549354.51 17.25
202858.43 549264.51 20.25
202858.43 549174.51 19.64
202858.43 549084.51 12.04
202858.43 548994.51 5.69
202858.43 548904.51 4.36
202858.43 548814.51 4.64
202858.43 548724.51 4.84
202858.43 548634.51 5.01
202858.43 548544.51 5.26
202858.43 548454.51 5.46
202858.43 548364.51 6.39
202858.43 548274.51 12.18
202858.43 548184.51 18.12
202858.43 548094.51 19.29
202858.43 548004.51 18.99
202858.43 547914.51 19.05
202948.43 552954.51 15.65
202948.43 552864.51 15.46
202948.43 552774.51 15.38
202948.43 552684.51 15.77
202948.43 552594.51 16.38
202948.43 552504.51 17.26
202948.43 552414.51 15.23
202948.43 552324.51 14.34
202948.43 552234.51 16.51
202948.43 552144.51 21.24
202948.43 552054.51 22.69
202948.43 551964.51 20.34
202948.43 551874.51 19.27
202948.43 551784.51 20.52
202948.43 551694.51 22.73
202948.43 551604.51 23.60
202948.43 551514.51 25.77
202948.43 551424.51 26.60
202948.43 551334.51 22.67
202948.43 551244.51 19.44
202948.43 551154.51 18.59
202948.43 551064.51 18.42
202948.43 550974.51 18.64
202948.43 550884.51 19.83
202948.43 550794.51 23.88
202948.43 550704.51 29.45
202948.43 550614.51 35.66
202948.43 550524.51 39.79
202948.43 550434.51 34.01
202948.43 550344.51 24.83
202948.43 550254.51 19.07
202948.43 550164.51 15.62
202948.43 550074.51 14.18
202948.43 549984.51 16.08
202948.43 549894.51 12.46
202948.43 549804.51 5.81
202948.43 549714.51 4.30
202948.43 549624.51 7.09
202948.43 549534.51 13.79
202948.43 549444.51 19.31
202948.43 549354.51 20.58
202948.43 549264.51 21.48
202948.43 549174.51 19.18
202948.43 549084.51 14.42
202948.43 548994.51 8.17
202948.43 548904.51 4.66
202948.43 548814.51 4.84
202948.43 548724.51 4.99
202948.43 548634.51 5.12
202948.43 548544.51 5.29
202948.43 548454.51 5.39
202948.43 548364.51 5.25
202948.43 548274.51 9.30
202948.43 548184.51 17.26
202948.43 548094.51 20.04
202948.43 548004.51 19.49
202948.43 547914.51 20.03
203038.43 552954.51 15.35
203038.43 552864.51 15.48
203038.43 552774.51 15.47
203038.43 552684.51 15.68
203038.43 552594.51 14.86
203038.43 552504.51 15.27
203038.43 552414.51 15.62
203038.43 552324.51 17.81
203038.43 552234.51 21.95
203038.43 552144.51 25.35
203038.43 552054.51 26.87
203038.43 551964.51 23.68
203038.43 551874.51 19.54
203038.43 551784.51 18.62
203038.43 551694.51 19.86
203038.43 551604.51 22.02
203038.43 551514.51 24.20
203038.43 551424.51 23.89
203038.43 551334.51 22.03
203038.43 551244.51 21.96
203038.43 551154.51 19.59
203038.43 551064.51 16.95
203038.43 550974.51 17.21
203038.43 550884.51 18.52
203038.43 550794.51 21.95
203038.43 550704.51 30.08
203038.43 550614.51 35.53
203038.43 550524.51 35.81
203038.43 550434.51 32.26
203038.43 550344.51 23.12
203038.43 550254.51 15.78
203038.43 550164.51 12.53
203038.43 550074.51 10.52
203038.43 549984.51 8.40
203038.43 549894.51 7.02
203038.43 549804.51 7.92
203038.43 549714.51 11.32
203038.43 549624.51 15.60
203038.43 549534.51 19.06
203038.43 549444.51 20.81
203038.43 549354.51 21.15
203038.43 549264.51 21.23
203038.43 549174.51 18.80
203038.43 549084.51 15.93
203038.43 548994.51 12.00
203038.43 548904.51 7.05
203038.43 548814.51 5.18
203038.43 548724.51 5.22
203038.43 548634.51 5.27
203038.43 548544.51 5.33
203038.43 548454.51 5.37
203038.43 548364.51 5.24
203038.43 548274.51 6.49
203038.43 548184.51 12.43
203038.43 548094.51 18.09
203038.43 548004.51 19.48
203128.43 552954.51 14.62
203128.43 552864.51 15.11
203128.43 552774.51 15.24
203128.43 552684.51 15.63
203128.43 552594.51 15.14
203128.43 552504.51 15.87
203128.43 552414.51 16.84
203128.43 552324.51 18.18
203128.43 552234.51 20.86
203128.43 552144.51 26.23
203128.43 552054.51 27.94
203128.43 551964.51 23.22
203128.43 551874.51 18.95
203128.43 551784.51 17.52
203128.43 551694.51 18.10
203128.43 551604.51 19.72
203128.43 551514.51 20.92
203128.43 551424.51 22.07
203128.43 551334.51 21.32
203128.43 551244.51 19.78
203128.43 551154.51 18.30
203128.43 551064.51 16.67
203128.43 550974.51 17.00
203128.43 550884.51 20.95
203128.43 550794.51 28.17
203128.43 550704.51 32.05
203128.43 550614.51 31.40
203128.43 550524.51 32.62
203128.43 550434.51 32.51
203128.43 550344.51 22.83
203128.43 550254.51 13.99
203128.43 550164.51 10.79
203128.43 550074.51 7.17
203128.43 549984.51 6.16
203128.43 549894.51 9.25
203128.43 549804.51 14.19
203128.43 549714.51 17.89
203128.43 549624.51 19.42
203128.43 549534.51 19.81
203128.43 549444.51 19.89
203128.43 549354.51 20.09
203128.43 549264.51 19.13
203128.43 549174.51 19.23
203128.43 549084.51 18.65
203128.43 548994.51 15.91
203128.43 548904.51 9.46
203128.43 548814.51 5.31
203128.43 548724.51 5.32
203128.43 548634.51 5.34
203128.43 548544.51 5.35
203128.43 548454.51 5.35
203128.43 548364.51 5.36
203128.43 548274.51 5.41
203128.43 548184.51 8.96
203128.43 548094.51 16.51
203128.43 548004.51 19.91
203218.43 552954.51 14.27
203218.43 552864.51 14.36
203218.43 552774.51 14.48
203218.43 552684.51 15.22
203218.43 552594.51 14.23
203218.43 552504.51 15.72
203218.43 552414.51 17.05
203218.43 552324.51 16.83
203218.43 552234.51 17.97
203218.43 552144.51 22.24
203218.43 552054.51 23.77
203218.43 551964.51 20.70
203218.43 551874.51 17.14
203218.43 551784.51 16.31
203218.43 551694.51 17.34
203218.43 551604.51 18.27
203218.43 551514.51 19.02
203218.43 551424.51 20.50
203218.43 551334.51 20.74
203218.43 551244.51 18.87
203218.43 551154.51 17.63
203218.43 551064.51 17.71
203218.43 550974.51 18.84
203218.43 550884.51 27.60
203218.43 550794.51 34.99
203218.43 550704.51 30.60
203218.43 550614.51 26.55
203218.43 550524.51 27.05
203218.43 550434.51 25.62
203218.43 550344.51 19.05
203218.43 550254.51 12.58
203218.43 550164.51 7.92
203218.43 550074.51 4.73
203218.43 549984.51 9.84
203218.43 549894.51 16.06
203218.43 549804.51 16.15
203218.43 549714.51 14.73
203218.43 549624.51 14.47
203218.43 549534.51 14.74
203218.43 549444.51 14.98
203218.43 549354.51 16.71
203218.43 549264.51 15.81
203218.43 549174.51 16.58
203218.43 549084.51 19.18
203218.43 548994.51 17.98
203218.43 548904.51 10.99
203218.43 548814.51 5.79
203218.43 548724.51 5.34
203218.43 548634.51 5.35
203218.43 548544.51 5.35
203218.43 548454.51 5.33
203218.43 548364.51 5.32
203218.43 548274.51 5.31
203218.43 548184.51 6.23
203218.43 548094.51 14.21
203218.43 548004.51 19.99
203308.43 552954.51 14.19
203308.43 552864.51 14.45
203308.43 552774.51 14.70
203308.43 552684.51 15.91
203308.43 552594.51 14.43
203308.43 552504.51 15.52
203308.43 552414.51 17.63
203308.43 552324.51 16.91
203308.43 552234.51 16.61
203308.43 552144.51 19.28
203308.43 552054.51 20.39
203308.43 551964.51 18.54
203308.43 551874.51 16.31
203308.43 551784.51 15.82
203308.43 551694.51 16.39
203308.43 551604.51 17.36
203308.43 551514.51 17.97
203308.43 551424.51 20.22
203308.43 551334.51 21.51
203308.43 551244.51 19.27
203308.43 551154.51 17.72
203308.43 551064.51 17.73
203308.43 550974.51 17.84
203308.43 550884.51 23.18
203308.43 550794.51 28.43
203308.43 550704.51 22.77
203308.43 550614.51 20.15
203308.43 550524.51 22.36
203308.43 550434.51 20.26
203308.43 550344.51 15.74
203308.43 550254.51 10.05
203308.43 550164.51 5.46
203308.43 550074.51 6.47
203308.43 549984.51 11.33
203308.43 549894.51 13.71
203308.43 549804.51 12.94
203308.43 549714.51 12.19
203308.43 549624.51 12.22
203308.43 549534.51 12.11
203308.43 549444.51 12.13
203308.43 549354.51 14.22
203308.43 549264.51 15.32
203308.43 549174.51 15.13
203308.43 549084.51 18.66
203308.43 548994.51 19.61
203308.43 548904.51 15.83
203308.43 548814.51 9.21
203308.43 548724.51 5.36
203308.43 548634.51 5.37
203308.43 548544.51 5.35
203308.43 548454.51 5.32
203308.43 548364.51 5.29
203308.43 548274.51 5.25
203308.43 548184.51 5.18
203308.43 548094.51 11.55
203308.43 548004.51 18.51
203398.43 552954.51 14.46
203398.43 552864.51 14.96
203398.43 552774.51 14.83
203398.43 552684.51 16.06
203398.43 552594.51 14.95
203398.43 552504.51 15.68
203398.43 552414.51 17.62
203398.43 552324.51 16.96
203398.43 552234.51 16.01
203398.43 552144.51 17.75
203398.43 552054.51 19.30
203398.43 551964.51 17.74
203398.43 551874.51 16.04
203398.43 551784.51 15.72
203398.43 551694.51 16.19
203398.43 551604.51 17.64
203398.43 551514.51 20.72
203398.43 551424.51 23.91
203398.43 551334.51 23.04
203398.43 551244.51 19.48
203398.43 551154.51 17.66
203398.43 551064.51 17.11
203398.43 550974.51 17.20
203398.43 550884.51 19.41
203398.43 550794.51 20.76
203398.43 550704.51 17.10
203398.43 550614.51 16.04
203398.43 550524.51 17.59
203398.43 550434.51 17.09
203398.43 550344.51 13.69
203398.43 550254.51 7.62
203398.43 550164.51 6.94
203398.43 550074.51 12.71
203398.43 549984.51 13.47
203398.43 549894.51 11.44
203398.43 549804.51 11.54
203398.43 549714.51 11.97
203398.43 549624.51 12.33
203398.43 549534.51 12.36
203398.43 549444.51 12.34
203398.43 549354.51 13.16
203398.43 549264.51 14.73
203398.43 549174.51 14.80
203398.43 549084.51 18.36
203398.43 548994.51 20.33
203398.43 548904.51 18.96
203398.43 548814.51 11.52
203398.43 548724.51 5.51
203398.43 548634.51 5.40
203398.43 548544.51 5.35
203398.43 548454.51 5.30
203398.43 548364.51 5.26
203398.43 548274.51 5.20
203398.43 548184.51 5.13
203398.43 548094.51 9.04
203398.43 548004.51 16.59
203488.43 552954.51 14.86
203488.43 552864.51 15.27
203488.43 552774.51 14.86
203488.43 552684.51 15.40
203488.43 552594.51 15.03
203488.43 552504.51 15.51
203488.43 552414.51 16.77
203488.43 552324.51 16.72
203488.43 552234.51 16.47
203488.43 552144.51 17.76
203488.43 552054.51 17.67
203488.43 551964.51 16.08
203488.43 551874.51 15.49
203488.43 551784.51 15.26
203488.43 551694.51 16.18
203488.43 551604.51 18.17
203488.43 551514.51 21.08
203488.43 551424.51 24.62
203488.43 551334.51 23.24
203488.43 551244.51 19.24
203488.43 551154.51 17.48
203488.43 551064.51 17.03
203488.43 550974.51 18.58
203488.43 550884.51 17.41
203488.43 550794.51 14.67
203488.43 550704.51 14.43
203488.43 550614.51 14.15
203488.43 550524.51 14.03
203488.43 550434.51 15.12
203488.43 550344.51 11.12
203488.43 550254.51 6.30
203488.43 550164.51 9.82
203488.43 550074.51 12.55
203488.43 549984.51 10.78
203488.43 549894.51 10.62
203488.43 549804.51 11.55
203488.43 549714.51 11.97
203488.43 549624.51 12.39
203488.43 549534.51 12.89
203488.43 549444.51 12.97
203488.43 549354.51 13.17
203488.43 549264.51 14.43
203488.43 549174.51 14.38
203488.43 549084.51 16.42
203488.43 548994.51 19.96
203488.43 548904.51 19.37
203488.43 548814.51 14.62
203488.43 548724.51 8.33
203488.43 548634.51 5.42
203488.43 548544.51 5.35
203488.43 548454.51 5.28
203488.43 548364.51 5.23
203488.43 548274.51 5.17
203488.43 548184.51 5.11
203488.43 548094.51 6.17
203488.43 548004.51 14.62
203578.43 552954.51 14.93
203578.43 552864.51 15.19
203578.43 552774.51 14.81
203578.43 552684.51 14.46
203578.43 552594.51 14.95
203578.43 552504.51 14.39
203578.43 552414.51 15.57
203578.43 552324.51 17.09
203578.43 552234.51 17.29
203578.43 552144.51 17.07
203578.43 552054.51 15.99
203578.43 551964.51 15.07
203578.43 551874.51 14.99
203578.43 551784.51 14.90
203578.43 551694.51 15.67
203578.43 551604.51 17.15
203578.43 551514.51 19.93
203578.43 551424.51 23.85
203578.43 551334.51 22.25
203578.43 551244.51 18.16
203578.43 551154.51 16.65
203578.43 551064.51 16.30
203578.43 550974.51 17.46
203578.43 550884.51 16.88
203578.43 550794.51 14.83
203578.43 550704.51 15.51
203578.43 550614.51 15.39
203578.43 550524.51 14.90
203578.43 550434.51 13.33
203578.43 550344.51 8.11
203578.43 550254.51 6.03
203578.43 550164.51 11.61
203578.43 550074.51 11.65
203578.43 549984.51 9.55
203578.43 549894.51 10.81
203578.43 549804.51 11.38
203578.43 549714.51 12.00
203578.43 549624.51 12.37
203578.43 549534.51 12.75
203578.43 549444.51 13.13
203578.43 549354.51 12.83
203578.43 549264.51 13.86
203578.43 549174.51 14.72
203578.43 549084.51 15.81
203578.43 548994.51 18.62
203578.43 548904.51 19.89
203578.43 548814.51 19.05
203578.43 548724.51 11.35
203578.43 548634.51 5.47
203578.43 548544.51 5.34
203578.43 548454.51 5.26
203578.43 548364.51 5.21
203578.43 548274.51 5.15
203578.43 548184.51 5.10
203578.43 548094.51 5.10
203578.43 548004.51 12.70
203578.43 547914.51 19.59
203668.43 552954.51 15.03
203668.43 552864.51 15.06
203668.43 552774.51 14.79
203668.43 552684.51 14.14
203668.43 552594.51 15.40
203668.43 552504.51 13.02
203668.43 552414.51 13.93
203668.43 552324.51 17.54
203668.43 552234.51 18.25
203668.43 552144.51 17.18
203668.43 552054.51 15.89
203668.43 551964.51 15.10
203668.43 551874.51 14.61
203668.43 551784.51 14.66
203668.43 551694.51 15.70
203668.43 551604.51 17.17
203668.43 551514.51 19.43
203668.43 551424.51 22.99
203668.43 551334.51 21.56
203668.43 551244.51 17.69
203668.43 551154.51 20.39
203668.43 551064.51 22.96
203668.43 550974.51 21.17
203668.43 550884.51 18.99
203668.43 550794.51 16.53
203668.43 550704.51 18.02
203668.43 550614.51 19.69
203668.43 550524.51 18.07
203668.43 550434.51 12.32
203668.43 550344.51 6.06
203668.43 550254.51 8.01
203668.43 550164.51 12.46
203668.43 550074.51 10.59
203668.43 549984.51 10.01
203668.43 549894.51 11.33
203668.43 549804.51 11.33
203668.43 549714.51 11.78
203668.43 549624.51 12.03
203668.43 549534.51 12.67
203668.43 549444.51 13.41
203668.43 549354.51 13.29
203668.43 549264.51 13.40
203668.43 549174.51 14.37
203668.43 549084.51 15.40
203668.43 548994.51 16.87
203668.43 548904.51 18.10
203668.43 548814.51 19.66
203668.43 548724.51 14.17
203668.43 548634.51 6.94
203668.43 548544.51 5.33
203668.43 548454.51 5.26
203668.43 548364.51 5.21
203668.43 548274.51 5.16
203668.43 548184.51 5.10
203668.43 548094.51 5.04
203668.43 548004.51 10.33
203668.43 547914.51 17.47
203758.43 552954.51 15.06
203758.43 552864.51 15.98
203758.43 552774.51 15.36
203758.43 552684.51 14.23
203758.43 552594.51 14.72
203758.43 552504.51 13.81
203758.43 552414.51 11.95
203758.43 552324.51 13.68
203758.43 552234.51 17.08
203758.43 552144.51 16.65
203758.43 552054.51 15.05
203758.43 551964.51 14.27
203758.43 551874.51 13.85
203758.43 551784.51 14.01
203758.43 551694.51 15.03
203758.43 551604.51 22.74
203758.43 551514.51 33.38
203758.43 551424.51 33.43
203758.43 551334.51 26.11
203758.43 551244.51 26.51
203758.43 551154.51 34.20
203758.43 551064.51 45.01
203758.43 550974.51 49.88
203758.43 550884.51 39.21
203758.43 550794.51 29.59
203758.43 550704.51 24.97
203758.43 550614.51 21.59
203758.43 550524.51 17.68
203758.43 550434.51 9.61
203758.43 550344.51 5.88
203758.43 550254.51 12.44
203758.43 550164.51 16.39
203758.43 550074.51 13.51
203758.43 549984.51 11.80
203758.43 549894.51 11.72
203758.43 549804.51 11.53
203758.43 549714.51 11.46
203758.43 549624.51 11.72
203758.43 549534.51 12.42
203758.43 549444.51 12.86
203758.43 549354.51 13.17
203758.43 549264.51 13.18
203758.43 549174.51 13.78
203758.43 549084.51 14.64
203758.43 548994.51 14.99
203758.43 548904.51 15.51
203758.43 548814.51 16.34
203758.43 548724.51 16.77
203758.43 548634.51 10.57
203758.43 548544.51 5.41
203758.43 548454.51 5.31
203758.43 548364.51 5.25
203758.43 548274.51 5.19
203758.43 548184.51 5.12
203758.43 548094.51 5.05
203758.43 548004.51 6.44
203758.43 547914.51 13.22
203758.43 547824.51 20.13
203848.43 552954.51 16.62
203848.43 552864.51 16.28
203848.43 552774.51 14.66
203848.43 552684.51 13.97
203848.43 552594.51 13.89
203848.43 552504.51 14.06
203848.43 552414.51 12.99
203848.43 552324.51 12.03
203848.43 552234.51 15.46
203848.43 552144.51 17.13
203848.43 552054.51 15.24
203848.43 551964.51 13.78
203848.43 551874.51 13.37
203848.43 551784.51 13.73
203848.43 551694.51 14.55
203848.43 551604.51 21.03
203848.43 551514.51 35.46
203848.43 551424.51 42.61
203848.43 551334.51 37.49
203848.43 551244.51 38.99
203848.43 551154.51 45.50
203848.43 551064.51 55.45
203848.43 550974.51 62.64
203848.43 550884.51 53.27
203848.43 550794.51 41.17
203848.43 550704.51 33.36
203848.43 550614.51 26.33
203848.43 550524.51 17.48
203848.43 550434.51 8.20
203848.43 550344.51 7.38
203848.43 550254.51 14.41
203848.43 550164.51 17.11
203848.43 550074.51 14.54
203848.43 549984.51 12.54
203848.43 549894.51 11.79
203848.43 549804.51 11.61
203848.43 549714.51 11.56
203848.43 549624.51 11.77
203848.43 549534.51 12.12
203848.43 549444.51 12.38
203848.43 549354.51 12.72
203848.43 549264.51 13.33
203848.43 549174.51 13.46
203848.43 549084.51 13.48
203848.43 548994.51 13.50
203848.43 548904.51 13.69
203848.43 548814.51 14.08
203848.43 548724.51 15.70
203848.43 548634.51 11.78
203848.43 548544.51 6.39
203848.43 548454.51 5.36
203848.43 548364.51 5.28
203848.43 548274.51 5.19
203848.43 548184.51 5.08
203848.43 548094.51 4.99
203848.43 548004.51 4.91
203848.43 547914.51 8.62
203848.43 547824.51 18.25
203848.43 547734.51 29.78
203938.43 552954.51 14.86
203938.43 552864.51 14.38
203938.43 552774.51 13.83
203938.43 552684.51 13.78
203938.43 552594.51 13.52
203938.43 552504.51 13.56
203938.43 552414.51 13.83
203938.43 552324.51 11.62
203938.43 552234.51 12.09
203938.43 552144.51 15.73
203938.43 552054.51 16.09
203938.43 551964.51 14.26
203938.43 551874.51 13.24
203938.43 551784.51 13.63
203938.43 551694.51 14.72
203938.43 551604.51 19.07
203938.43 551514.51 28.30
203938.43 551424.51 35.98
203938.43 551334.51 32.72
203938.43 551244.51 29.39
203938.43 551154.51 32.55
203938.43 551064.51 44.71
203938.43 550974.51 58.39
203938.43 550884.51 59.01
203938.43 550794.51 52.18
203938.43 550704.51 37.61
203938.43 550614.51 25.58
203938.43 550524.51 16.22
203938.43 550434.51 7.59
203938.43 550344.51 8.54
203938.43 550254.51 14.03
203938.43 550164.51 15.51
203938.43 550074.51 13.57
203938.43 549984.51 12.62
203938.43 549894.51 12.18
203938.43 549804.51 11.90
203938.43 549714.51 12.00
203938.43 549624.51 12.25
203938.43 549534.51 12.34
203938.43 549444.51 12.36
203938.43 549354.51 12.93
203938.43 549264.51 13.78
203938.43 549174.51 13.64
203938.43 549084.51 13.35
203938.43 548994.51 13.32
203938.43 548904.51 13.36
203938.43 548814.51 13.84
203938.43 548724.51 14.44
203938.43 548634.51 14.39
203938.43 548544.51 9.36
203938.43 548454.51 5.40
203938.43 548364.51 5.26
203938.43 548274.51 5.11
203938.43 548184.51 4.97
203938.43 548094.51 4.83
203938.43 548004.51 4.70
203938.43 547914.51 5.28
203938.43 547824.51 14.78
203938.43 547734.51 26.95
204028.43 552954.51 15.09
204028.43 552864.51 13.95
204028.43 552774.51 13.52
204028.43 552684.51 13.61
204028.43 552594.51 13.45
204028.43 552504.51 13.48
204028.43 552414.51 13.59
204028.43 552324.51 13.61
204028.43 552234.51 11.83
204028.43 552144.51 12.24
204028.43 552054.51 15.06
204028.43 551964.51 15.71
204028.43 551874.51 14.43
204028.43 551784.51 15.11
204028.43 551694.51 18.32
204028.43 551604.51 24.08
204028.43 551514.51 28.38
204028.43 551424.51 28.10
204028.43 551334.51 23.34
204028.43 551244.51 19.24
204028.43 551154.51 21.54
204028.43 551064.51 32.88
204028.43 550974.51 50.32
204028.43 550884.51 58.41
204028.43 550794.51 56.97
204028.43 550704.51 39.60
204028.43 550614.51 22.95
204028.43 550524.51 14.09
204028.43 550434.51 7.13
204028.43 550344.51 9.19
204028.43 550254.51 13.50
204028.43 550164.51 13.54
204028.43 550074.51 12.67
204028.43 549984.51 12.84
204028.43 549894.51 12.71
204028.43 549804.51 12.58
204028.43 549714.51 12.36
204028.43 549624.51 12.40
204028.43 549534.51 12.61
204028.43 549444.51 12.59
204028.43 549354.51 12.97
204028.43 549264.51 13.62
204028.43 549174.51 13.95
204028.43 549084.51 13.81
204028.43 548994.51 13.41
204028.43 548904.51 13.22
204028.43 548814.51 13.72
204028.43 548724.51 14.14
204028.43 548634.51 16.68
204028.43 548544.51 11.43
204028.43 548454.51 5.38
204028.43 548364.51 5.15
204028.43 548274.51 4.94
204028.43 548184.51 4.76
204028.43 548094.51 4.60
204028.43 548004.51 4.45
204028.43 547914.51 4.22
204028.43 547824.51 13.24
204028.43 547734.51 26.77
204028.43 547644.51 35.77
204118.43 552864.51 14.81
204118.43 552774.51 13.69
204118.43 552684.51 13.45
204118.43 552594.51 13.45
204118.43 552504.51 13.62
204118.43 552414.51 13.60
204118.43 552324.51 13.78
204118.43 552234.51 13.19
204118.43 552144.51 11.76
204118.43 552054.51 11.13
204118.43 551964.51 12.10
204118.43 551874.51 13.27
204118.43 551784.51 16.08
204118.43 551694.51 21.99
204118.43 551604.51 25.10
204118.43 551514.51 25.49
204118.43 551424.51 23.52
204118.43 551334.51 18.54
204118.43 551244.51 15.78
204118.43 551154.51 17.40
204118.43 551064.51 23.40
204118.43 550974.51 38.17
204118.43 550884.51 51.15
204118.43 550794.51 54.69
204118.43 550704.51 38.26
204118.43 550614.51 21.64
204118.43 550524.51 13.55
204118.43 550434.51 7.14
204118.43 550344.51 9.72
204118.43 550254.51 13.28
204118.43 550164.51 12.82
204118.43 550074.51 12.94
204118.43 549984.51 13.51
204118.43 549894.51 13.27
204118.43 549804.51 12.53
204118.43 549714.51 12.17
204118.43 549624.51 12.30
204118.43 549534.51 12.65
204118.43 549444.51 12.97
204118.43 549354.51 13.50
204118.43 549264.51 13.71
204118.43 549174.51 13.78
204118.43 549084.51 13.84
204118.43 548994.51 13.46
204118.43 548904.51 13.38
204118.43 548814.51 13.70
204118.43 548724.51 13.90
204118.43 548634.51 15.14
204118.43 548544.51 10.25
204118.43 548454.51 5.24
204118.43 548364.51 4.90
204118.43 548274.51 4.66
204118.43 548184.51 4.48
204118.43 548094.51 4.33
204118.43 548004.51 4.18
204118.43 547914.51 4.01
204118.43 547824.51 13.18
204118.43 547734.51 26.39
204118.43 547644.51 33.64
204208.43 552864.51 16.23
204208.43 552774.51 14.36
204208.43 552684.51 14.08
204208.43 552594.51 13.55
204208.43 552504.51 13.38
204208.43 552414.51 13.54
204208.43 552324.51 13.65
204208.43 552234.51 14.77
204208.43 552144.51 13.43
204208.43 552054.51 11.86
204208.43 551964.51 11.92
204208.43 551874.51 10.85
204208.43 551784.51 11.46
204208.43 551694.51 15.06
204208.43 551604.51 18.30
204208.43 551514.51 19.58
204208.43 551424.51 18.75
204208.43 551334.51 15.54
204208.43 551244.51 14.49
204208.43 551154.51 17.70
204208.43 551064.51 19.06
204208.43 550974.51 31.49
204208.43 550884.51 43.92
204208.43 550794.51 44.96
204208.43 550704.51 33.20
204208.43 550614.51 19.28
204208.43 550524.51 12.09
204208.43 550434.51 7.34
204208.43 550344.51 9.64
204208.43 550254.51 12.88
204208.43 550164.51 12.67
204208.43 550074.51 12.78
204208.43 549984.51 13.35
204208.43 549894.51 13.28
204208.43 549804.51 12.44
204208.43 549714.51 12.23
204208.43 549624.51 12.40
204208.43 549534.51 12.60
204208.43 549444.51 12.94
204208.43 549354.51 13.72
204208.43 549264.51 13.60
204208.43 549174.51 13.43
204208.43 549084.51 13.64
204208.43 548994.51 13.39
204208.43 548904.51 13.60
204208.43 548814.51 14.02
204208.43 548724.51 13.93
204208.43 548634.51 13.87
204208.43 548544.51 9.17
204208.43 548454.51 4.94
204208.43 548364.51 4.53
204208.43 548274.51 4.30
204208.43 548184.51 4.14
204208.43 548094.51 4.01
204208.43 548004.51 3.91
204208.43 547914.51 3.85
204208.43 547824.51 12.69
204208.43 547734.51 22.75
204208.43 547644.51 27.27
204208.43 547554.51 27.08
204298.43 552774.51 16.56
204298.43 552684.51 15.59
204298.43 552594.51 14.17
204298.43 552504.51 13.45
204298.43 552414.51 13.67
204298.43 552324.51 14.82
204298.43 552234.51 15.18
204298.43 552144.51 13.32
204298.43 552054.51 12.30
204298.43 551964.51 12.20
204298.43 551874.51 12.36
204298.43 551784.51 12.49
204298.43 551694.51 11.21
204298.43 551604.51 10.96
204298.43 551514.51 12.41
204298.43 551424.51 15.49
204298.43 551334.51 14.87
204298.43 551244.51 13.93
204298.43 551154.51 15.94
204298.43 551064.51 18.00
204298.43 550974.51 26.55
204298.43 550884.51 36.73
204298.43 550794.51 37.19
204298.43 550704.51 26.63
204298.43 550614.51 14.92
204298.43 550524.51 9.92
204298.43 550434.51 7.22
204298.43 550344.51 8.89
204298.43 550254.51 12.08
204298.43 550164.51 12.54
204298.43 550074.51 12.35
204298.43 549984.51 12.83
204298.43 549894.51 13.12
204298.43 549804.51 12.58
204298.43 549714.51 12.21
204298.43 549624.51 12.27
204298.43 549534.51 12.35
204298.43 549444.51 12.68
204298.43 549354.51 13.37
204298.43 549264.51 13.37
204298.43 549174.51 13.40
204298.43 549084.51 13.59
204298.43 548994.51 13.49
204298.43 548904.51 13.68
204298.43 548814.51 14.05
204298.43 548724.51 13.84
204298.43 548634.51 13.77
204298.43 548544.51 8.84
204298.43 548454.51 4.38
204298.43 548364.51 4.02
204298.43 548274.51 3.86
204298.43 548184.51 3.74
204298.43 548094.51 3.66
204298.43 548004.51 3.62
204298.43 547914.51 3.66
204298.43 547824.51 10.95
204298.43 547734.51 17.92
204298.43 547644.51 19.84
204298.43 547554.51 19.68
204298.43 547464.51 19.00
204388.43 552774.51 18.22
204388.43 552684.51 16.67
204388.43 552594.51 14.94
204388.43 552504.51 15.05
204388.43 552414.51 15.78
204388.43 552324.51 15.10
204388.43 552234.51 13.80
204388.43 552144.51 12.69
204388.43 552054.51 12.04
204388.43 551964.51 12.00
204388.43 551874.51 12.43
204388.43 551784.51 12.36
204388.43 551694.51 12.59
204388.43 551604.51 13.05
204388.43 551514.51 11.81
204388.43 551424.51 11.61
204388.43 551334.51 12.58
204388.43 551244.51 15.03
204388.43 551154.51 16.92
204388.43 551064.51 18.25
204388.43 550974.51 20.82
204388.43 550884.51 26.62
204388.43 550794.51 27.09
204388.43 550704.51 17.85
204388.43 550614.51 10.79
204388.43 550524.51 9.20
204388.43 550434.51 7.31
204388.43 550344.51 7.93
204388.43 550254.51 12.20
204388.43 550164.51 13.12
204388.43 550074.51 12.06
204388.43 549984.51 12.61
204388.43 549894.51 12.88
204388.43 549804.51 12.40
204388.43 549714.51 11.86
204388.43 549624.51 11.84
204388.43 549534.51 12.10
204388.43 549444.51 12.38
204388.43 549354.51 12.79
204388.43 549264.51 13.02
204388.43 549174.51 13.26
204388.43 549084.51 13.38
204388.43 548994.51 13.21
204388.43 548904.51 13.10
204388.43 548814.51 13.63
204388.43 548724.51 13.72
204388.43 548634.51 13.66
204388.43 548544.51 10.09
204388.43 548454.51 5.04
204388.43 548364.51 3.39
204388.43 548274.51 3.33
204388.43 548184.51 3.28
204388.43 548094.51 3.27
204388.43 548004.51 3.31
204388.43 547914.51 3.41
204388.43 547824.51 8.10
204388.43 547734.51 15.20
204388.43 547644.51 17.36
204388.43 547554.51 17.01
204388.43 547464.51 17.20
204478.43 552684.51 20.23
204478.43 552594.51 19.59
204478.43 552504.51 22.93
204478.43 552414.51 24.62
204478.43 552324.51 21.66
204478.43 552234.51 17.32
204478.43 552144.51 13.70
204478.43 552054.51 12.15
204478.43 551964.51 11.83
204478.43 551874.51 11.73
204478.43 551784.51 11.54
204478.43 551694.51 12.00
204478.43 551604.51 12.61
204478.43 551514.51 11.83
204478.43 551424.51 11.39
204478.43 551334.51 13.24
204478.43 551244.51 15.25
204478.43 551154.51 14.16
204478.43 551064.51 12.10
204478.43 550974.51 11.51
204478.43 550884.51 13.18
204478.43 550794.51 13.43
204478.43 550704.51 10.21
204478.43 550614.51 7.66
204478.43 550524.51 7.17
204478.43 550434.51 7.75
204478.43 550344.51 7.47
204478.43 550254.51 10.75
204478.43 550164.51 12.79
204478.43 550074.51 11.89
204478.43 549984.51 12.60
204478.43 549894.51 13.08
204478.43 549804.51 13.00
204478.43 549714.51 12.31
204478.43 549624.51 11.85
204478.43 549534.51 12.16
204478.43 549444.51 12.53
204478.43 549354.51 12.63
204478.43 549264.51 12.65
204478.43 549174.51 13.35
204478.43 549084.51 13.84
204478.43 548994.51 13.77
204478.43 548904.51 13.67
204478.43 548814.51 13.68
204478.43 548724.51 13.60
204478.43 548634.51 13.74
204478.43 548544.51 14.52
204478.43 548454.51 8.35
204478.43 548364.51 2.68
204478.43 548274.51 2.55
204478.43 548184.51 2.70
204478.43 548094.51 2.83
204478.43 548004.51 2.96
204478.43 547914.51 3.08
204478.43 547824.51 4.43
204478.43 547734.51 11.95
204478.43 547644.51 17.22
204478.43 547554.51 17.33
204478.43 547464.51 18.06
204478.43 547374.51 18.95
204568.43 552684.51 24.42
204568.43 552594.51 27.37
204568.43 552504.51 31.97
204568.43 552414.51 32.04
204568.43 552324.51 28.06
204568.43 552234.51 22.60
204568.43 552144.51 16.34
204568.43 552054.51 12.66
204568.43 551964.51 11.84
204568.43 551874.51 11.43
204568.43 551784.51 11.28
204568.43 551694.51 11.26
204568.43 551604.51 11.39
204568.43 551514.51 11.30
204568.43 551424.51 11.30
204568.43 551334.51 11.94
204568.43 551244.51 13.89
204568.43 551154.51 14.37
204568.43 551064.51 13.31
204568.43 550974.51 12.44
204568.43 550884.51 11.15
204568.43 550794.51 10.00
204568.43 550704.51 8.95
204568.43 550614.51 8.22
204568.43 550524.51 8.01
204568.43 550434.51 8.82
204568.43 550344.51 7.61
204568.43 550254.51 9.81
204568.43 550164.51 12.68
204568.43 550074.51 12.15
204568.43 549984.51 12.18
204568.43 549894.51 12.88
204568.43 549804.51 13.22
204568.43 549714.51 12.74
204568.43 549624.51 12.12
204568.43 549534.51 12.17
204568.43 549444.51 12.70
204568.43 549354.51 12.77
204568.43 549264.51 12.63
204568.43 549174.51 13.44
204568.43 549084.51 14.10
204568.43 548994.51 14.11
204568.43 548904.51 14.04
204568.43 548814.51 13.87
204568.43 548724.51 13.71
204568.43 548634.51 13.81
204568.43 548544.51 14.77
204568.43 548454.51 11.17
204568.43 548364.51 4.56
204568.43 548274.51 2.22
204568.43 548184.51 2.50
204568.43 548094.51 2.69
204568.43 548004.51 2.85
204568.43 547914.51 2.98
204568.43 547824.51 3.18
204568.43 547734.51 9.31
204568.43 547644.51 16.23
204568.43 547554.51 18.79
204568.43 547464.51 21.65
204568.43 547374.51 23.72
204658.43 552594.51 31.18
204658.43 552504.51 32.59
204658.43 552414.51 32.32
204658.43 552324.51 30.61
204658.43 552234.51 28.98
204658.43 552144.51 22.94
204658.43 552054.51 15.27
204658.43 551964.51 12.54
204658.43 551874.51 11.73
204658.43 551784.51 11.36
204658.43 551694.51 11.19
204658.43 551604.51 11.13
204658.43 551514.51 11.09
204658.43 551424.51 11.07
204658.43 551334.51 11.07
204658.43 551244.51 12.62
204658.43 551154.51 13.72
204658.43 551064.51 14.50
204658.43 550974.51 14.99
204658.43 550884.51 14.27
204658.43 550794.51 13.74
204658.43 550704.51 13.46
204658.43 550614.51 13.34
204658.43 550524.51 11.24
204658.43 550434.51 9.92
204658.43 550344.51 7.96
204658.43 550254.51 7.43
204658.43 550164.51 12.45
204658.43 550074.51 13.68
204658.43 549984.51 12.28
204658.43 549894.51 12.70
204658.43 549804.51 13.15
204658.43 549714.51 13.23
204658.43 549624.51 12.57
204658.43 549534.51 12.17
204658.43 549444.51 12.23
204658.43 549354.51 12.52
204658.43 549264.51 12.67
204658.43 549174.51 12.83
204658.43 549084.51 13.36
204658.43 548994.51 13.91
204658.43 548904.51 13.97
204658.43 548814.51 13.91
204658.43 548724.51 13.87
204658.43 548634.51 13.76
204658.43 548544.51 13.81
204658.43 548454.51 14.85
204658.43 548364.51 8.35
204658.43 548274.51 2.49
204658.43 548184.51 2.64
204658.43 548094.51 2.79
204658.43 548004.51 2.94
204658.43 547914.51 3.07
204658.43 547824.51 3.27
204658.43 547734.51 5.21
204658.43 547644.51 13.36
204658.43 547554.51 20.55
204658.43 547464.51 24.48
204658.43 547374.51 25.96
204658.43 547284.51 25.35
204748.43 552594.51 24.48
204748.43 552504.51 23.44
204748.43 552414.51 22.95
204748.43 552324.51 22.34
204748.43 552234.51 22.23
204748.43 552144.51 19.92
204748.43 552054.51 17.37
204748.43 551964.51 14.99
204748.43 551874.51 12.54
204748.43 551784.51 11.84
204748.43 551694.51 11.57
204748.43 551604.51 11.26
204748.43 551514.51 11.10
204748.43 551424.51 11.10
204748.43 551334.51 11.23
204748.43 551244.51 12.56
204748.43 551154.51 12.47
204748.43 551064.51 13.58
204748.43 550974.51 15.33
204748.43 550884.51 15.40
204748.43 550794.51 15.25
204748.43 550704.51 15.37
204748.43 550614.51 15.52
204748.43 550524.51 13.30
204748.43 550434.51 12.40
204748.43 550344.51 10.45
204748.43 550254.51 7.07
204748.43 550164.51 11.22
204748.43 550074.51 13.63
204748.43 549984.51 12.41
204748.43 549894.51 12.80
204748.43 549804.51 13.12
204748.43 549714.51 13.17
204748.43 549624.51 12.79
204748.43 549534.51 12.34
204748.43 549444.51 12.03
204748.43 549354.51 12.14
204748.43 549264.51 12.51
204748.43 549174.51 12.59
204748.43 549084.51 12.68
204748.43 548994.51 13.03
204748.43 548904.51 13.41
204748.43 548814.51 13.68
204748.43 548724.51 13.69
204748.43 548634.51 13.74
204748.43 548544.51 13.60
204748.43 548454.51 15.84
204748.43 548364.51 9.84
204748.43 548274.51 3.09
204748.43 548184.51 2.92
204748.43 548094.51 3.01
204748.43 548004.51 3.12
204748.43 547914.51 3.25
204748.43 547824.51 3.48
204748.43 547734.51 3.69
204748.43 547644.51 7.40
204748.43 547554.51 15.90
204748.43 547464.51 22.04
204748.43 547374.51 24.17
204748.43 547284.51 24.79
204838.43 552504.51 16.39
204838.43 552414.51 15.89
204838.43 552324.51 15.53
204838.43 552234.51 15.33
204838.43 552144.51 15.03
204838.43 552054.51 16.27
204838.43 551964.51 15.58
204838.43 551874.51 13.39
204838.43 551784.51 12.35
204838.43 551694.51 12.42
204838.43 551604.51 11.79
204838.43 551514.51 11.11
204838.43 551424.51 11.45
204838.43 551334.51 11.07
204838.43 551244.51 12.97
204838.43 551154.51 14.44
204838.43 551064.51 14.71
204838.43 550974.51 15.01
204838.43 550884.51 14.35
204838.43 550794.51 14.06
204838.43 550704.51 14.62
204838.43 550614.51 15.27
204838.43 550524.51 13.70
204838.43 550434.51 12.00
204838.43 550344.51 13.07
204838.43 550254.51 9.67
204838.43 550164.51 9.78
204838.43 550074.51 13.48
204838.43 549984.51 13.31
204838.43 549894.51 12.81
204838.43 549804.51 13.11
204838.43 549714.51 13.47
204838.43 549624.51 13.58
204838.43 549534.51 12.93
204838.43 549444.51 12.33
204838.43 549354.51 12.29
204838.43 549264.51 12.42
204838.43 549174.51 12.63
204838.43 549084.51 12.81
204838.43 548994.51 12.95
204838.43 548904.51 13.16
204838.43 548814.51 13.41
204838.43 548724.51 13.83
204838.43 548634.51 13.75
204838.43 548544.51 13.27
204838.43 548454.51 13.64
204838.43 548364.51 12.36
204838.43 548274.51 6.66
204838.43 548184.51 3.19
204838.43 548094.51 3.23
204838.43 548004.51 3.36
204838.43 547914.51 3.55
204838.43 547824.51 3.77
204838.43 547734.51 3.90
204838.43 547644.51 4.33
204838.43 547554.51 7.50
204838.43 547464.51 13.98
204838.43 547374.51 19.31
204838.43 547284.51 21.56
204838.43 547194.51 22.86
204928.43 552504.51 14.49
204928.43 552414.51 14.05
204928.43 552324.51 13.82
204928.43 552234.51 13.56
204928.43 552144.51 13.24
204928.43 552054.51 13.92
204928.43 551964.51 13.67
204928.43 551874.51 12.65
204928.43 551784.51 12.76
204928.43 551694.51 13.84
204928.43 551604.51 14.18
204928.43 551514.51 13.93
204928.43 551424.51 14.41
204928.43 551334.51 14.48
204928.43 551244.51 14.84
204928.43 551154.51 15.28
204928.43 551064.51 14.11
204928.43 550974.51 13.39
204928.43 550884.51 12.78
204928.43 550794.51 11.11
204928.43 550704.51 10.71
204928.43 550614.51 12.80
204928.43 550524.51 13.18
204928.43 550434.51 11.74
204928.43 550344.51 12.81
204928.43 550254.51 10.74
204928.43 550164.51 7.95
204928.43 550074.51 12.53
204928.43 549984.51 14.30
204928.43 549894.51 13.17
204928.43 549804.51 13.67
204928.43 549714.51 13.72
204928.43 549624.51 13.85
204928.43 549534.51 13.16
204928.43 549444.51 12.36
204928.43 549354.51 12.30
204928.43 549264.51 12.37
204928.43 549174.51 12.60
204928.43 549084.51 12.95
204928.43 548994.51 13.14
204928.43 548904.51 13.00
204928.43 548814.51 13.01
204928.43 548724.51 13.45
204928.43 548634.51 13.74
204928.43 548544.51 13.45
204928.43 548454.51 13.08
204928.43 548364.51 15.10
204928.43 548274.51 9.35
204928.43 548184.51 3.32
204928.43 548094.51 3.43
204928.43 548004.51 3.65
204928.43 547914.51 3.90
204928.43 547824.51 4.09
204928.43 547734.51 4.16
204928.43 547644.51 4.10
204928.43 547554.51 4.25
204928.43 547464.51 6.21
204928.43 547374.51 12.82
204928.43 547284.51 19.26
204928.43 547194.51 21.74
205018.43 552414.51 14.37
205018.43 552324.51 13.94
205018.43 552234.51 13.55
205018.43 552144.51 13.08
205018.43 552054.51 12.75
205018.43 551964.51 12.48
205018.43 551874.51 12.70
205018.43 551784.51 13.27
205018.43 551694.51 14.07
205018.43 551604.51 15.01
205018.43 551514.51 15.21
205018.43 551424.51 15.25
205018.43 551334.51 15.23
205018.43 551244.51 14.04
205018.43 551154.51 13.20
205018.43 551064.51 12.49
205018.43 550974.51 11.66
205018.43 550884.51 10.84
205018.43 550794.51 8.96
205018.43 550704.51 8.35
205018.43 550614.51 10.74
205018.43 550524.51 11.91
205018.43 550434.51 11.42
205018.43 550344.51 11.56
205018.43 550254.51 10.99
205018.43 550164.51 7.96
205018.43 550074.51 10.54
205018.43 549984.51 13.35
205018.43 549894.51 13.17
205018.43 549804.51 13.77
205018.43 549714.51 13.65
205018.43 549624.51 13.45
205018.43 549534.51 12.97
205018.43 549444.51 12.30
205018.43 549354.51 12.20
205018.43 549264.51 12.53
205018.43 549174.51 12.76
205018.43 549084.51 12.93
205018.43 548994.51 12.90
205018.43 548904.51 12.83
205018.43 548814.51 12.75
205018.43 548724.51 12.74
205018.43 548634.51 13.20
205018.43 548544.51 13.32
205018.43 548454.51 13.15
205018.43 548364.51 13.92
205018.43 548274.51 10.72
205018.43 548184.51 5.31
205018.43 548094.51 3.61
205018.43 548004.51 3.97
205018.43 547914.51 4.28
205018.43 547824.51 4.43
205018.43 547734.51 4.44
205018.43 547644.51 4.35
205018.43 547554.51 4.19
205018.43 547464.51 4.07
205018.43 547374.51 6.13
205018.43 547284.51 13.67
205018.43 547194.51 20.25
205108.43 552414.51 16.35
205108.43 552324.51 16.05
205108.43 552234.51 15.84
205108.43 552144.51 14.39
205108.43 552054.51 12.83
205108.43 551964.51 12.77
205108.43 551874.51 13.08
205108.43 551784.51 12.93
205108.43 551694.51 13.03
205108.43 551604.51 14.05
205108.43 551514.51 14.63
205108.43 551424.51 14.00
205108.43 551334.51 13.32
205108.43 551244.51 12.56
205108.43 551154.51 12.11
205108.43 551064.51 11.97
205108.43 550974.51 10.84
205108.43 550884.51 9.80
205108.43 550794.51 9.38
205108.43 550704.51 9.51
205108.43 550614.51 10.47
205108.43 550524.51 11.17
205108.43 550434.51 10.91
205108.43 550344.51 12.14
205108.43 550254.51 14.27
205108.43 550164.51 10.17
205108.43 550074.51 8.22
205108.43 549984.51 11.21
205108.43 549894.51 12.67
205108.43 549804.51 13.23
205108.43 549714.51 13.46
205108.43 549624.51 13.52
205108.43 549534.51 13.24
205108.43 549444.51 12.59
205108.43 549354.51 12.48
205108.43 549264.51 12.72
205108.43 549174.51 12.68
205108.43 549084.51 12.82
205108.43 548994.51 12.64
205108.43 548904.51 12.54
205108.43 548814.51 12.73
205108.43 548724.51 12.69
205108.43 548634.51 13.01
205108.43 548544.51 13.08
205108.43 548454.51 13.02
205108.43 548364.51 13.42
205108.43 548274.51 14.47
205108.43 548184.51 8.94
205108.43 548094.51 3.98
205108.43 548004.51 4.36
205108.43 547914.51 4.74
205108.43 547824.51 4.81
205108.43 547734.51 4.73
205108.43 547644.51 4.60
205108.43 547554.51 4.42
205108.43 547464.51 4.23
205108.43 547374.51 4.16
205108.43 547284.51 7.06
205108.43 547194.51 16.00
205198.43 552324.51 29.09
205198.43 552234.51 26.73
205198.43 552144.51 24.19
205198.43 552054.51 21.32
205198.43 551964.51 15.88
205198.43 551874.51 12.75
205198.43 551784.51 13.21
205198.43 551694.51 13.42
205198.43 551604.51 12.79
205198.43 551514.51 12.76
205198.43 551424.51 12.90
205198.43 551334.51 12.29
205198.43 551244.51 11.33
205198.43 551154.51 10.87
205198.43 551064.51 11.23
205198.43 550974.51 11.73
205198.43 550884.51 11.68
205198.43 550794.51 11.55
205198.43 550704.51 11.09
205198.43 550614.51 10.62
205198.43 550524.51 11.83
205198.43 550434.51 12.10
205198.43 550344.51 11.91
205198.43 550254.51 14.64
205198.43 550164.51 12.76
205198.43 550074.51 8.11
205198.43 549984.51 10.06
205198.43 549894.51 12.75
205198.43 549804.51 13.04
205198.43 549714.51 13.50
205198.43 549624.51 13.68
205198.43 549534.51 13.55
205198.43 549444.51 13.29
205198.43 549354.51 12.79
205198.43 549264.51 12.48
205198.43 549174.51 12.57
205198.43 549084.51 12.79
205198.43 548994.51 12.88
205198.43 548904.51 12.91
205198.43 548814.51 13.08
205198.43 548724.51 13.19
205198.43 548634.51 13.14
205198.43 548544.51 12.88
205198.43 548454.51 14.45
205198.43 548364.51 14.69
205198.43 548274.51 13.92
205198.43 548184.51 12.68
205198.43 548094.51 9.26
205198.43 548004.51 7.05
205198.43 547914.51 6.39
205198.43 547824.51 5.64
205198.43 547734.51 5.09
205198.43 547644.51 4.79
205198.43 547554.51 4.54
205198.43 547464.51 4.39
205198.43 547374.51 4.33
205198.43 547284.51 4.61
205288.43 552234.51 33.58
205288.43 552144.51 27.15
205288.43 552054.51 23.12
205288.43 551964.51 15.96
205288.43 551874.51 12.40
205288.43 551784.51 13.10
205288.43 551694.51 12.87
205288.43 551604.51 11.88
205288.43 551514.51 11.87
205288.43 551424.51 12.34
205288.43 551334.51 12.03
205288.43 551244.51 10.93
205288.43 551154.51 10.38
205288.43 551064.51 10.59
205288.43 550974.51 11.66
205288.43 550884.51 11.36
205288.43 550794.51 10.52
205288.43 550704.51 10.55
205288.43 550614.51 10.88
205288.43 550524.51 11.49
205288.43 550434.51 12.11
205288.43 550344.51 11.57
205288.43 550254.51 12.87
205288.43 550164.51 12.85
205288.43 550074.51 8.60
205288.43 549984.51 11.15
205288.43 549894.51 13.84
205288.43 549804.51 12.70
205288.43 549714.51 12.92
205288.43 549624.51 13.35
205288.43 549534.51 13.54
205288.43 549444.51 13.37
205288.43 549354.51 12.91
205288.43 549264.51 12.58
205288.43 549174.51 12.72
205288.43 549084.51 12.76
205288.43 548994.51 12.89
205288.43 548904.51 13.01
205288.43 548814.51 13.06
205288.43 548724.51 13.30
205288.43 548634.51 13.07
205288.43 548544.51 12.75
205288.43 548454.51 13.37
205288.43 548364.51 13.50
205288.43 548274.51 13.73
205288.43 548184.51 15.54
205288.43 548094.51 13.31
205288.43 548004.51 8.31
205288.43 547914.51 6.89
205288.43 547824.51 6.16
205288.43 547734.51 5.02
205288.43 547644.51 4.68
205288.43 547554.51 4.48
205288.43 547464.51 4.37
205288.43 547374.51 4.33
205378.43 552234.51 25.00
205378.43 552144.51 19.24
205378.43 552054.51 15.31
205378.43 551964.51 13.33
205378.43 551874.51 12.35
205378.43 551784.51 12.45
205378.43 551694.51 12.41
205378.43 551604.51 11.90
205378.43 551514.51 11.77
205378.43 551424.51 12.24
205378.43 551334.51 12.17
205378.43 551244.51 11.08
205378.43 551154.51 10.47
205378.43 551064.51 10.37
205378.43 550974.51 10.63
205378.43 550884.51 10.47
205378.43 550794.51 10.05
205378.43 550704.51 10.43
205378.43 550614.51 11.42
205378.43 550524.51 11.69
205378.43 550434.51 11.35
205378.43 550344.51 11.01
205378.43 550254.51 11.73
205378.43 550164.51 11.68
205378.43 550074.51 8.38
205378.43 549984.51 12.00
205378.43 549894.51 15.12
205378.43 549804.51 13.29
205378.43 549714.51 12.68
205378.43 549624.51 12.85
205378.43 549534.51 13.26
205378.43 549444.51 13.27
205378.43 549354.51 13.06
205378.43 549264.51 12.82
205378.43 549174.51 12.80
205378.43 549084.51 12.89
205378.43 548994.51 13.12
205378.43 548904.51 13.22
205378.43 548814.51 13.04
205378.43 548724.51 13.01
205378.43 548634.51 12.94
205378.43 548544.51 12.88
205378.43 548454.51 12.80
205378.43 548364.51 12.69
205378.43 548274.51 13.21
205378.43 548184.51 14.69
205378.43 548094.51 13.97
205378.43 548004.51 9.92
205378.43 547914.51 6.94
205378.43 547824.51 5.53
205378.43 547734.51 4.68
205378.43 547644.51 4.44
205378.43 547554.51 4.31
205378.43 547464.51 4.25
205468.43 552144.51 13.34
205468.43 552054.51 11.99
205468.43 551964.51 12.26
205468.43 551874.51 12.21
205468.43 551784.51 11.93
205468.43 551694.51 11.87
205468.43 551604.51 11.91
205468.43 551514.51 12.09
205468.43 551424.51 12.35
205468.43 551334.51 12.13
205468.43 551244.51 11.11
205468.43 551154.51 10.44
205468.43 551064.51 10.33
205468.43 550974.51 10.37
205468.43 550884.51 10.42
205468.43 550794.51 10.43
205468.43 550704.51 11.02
205468.43 550614.51 11.61
205468.43 550524.51 11.44
205468.43 550434.51 10.84
205468.43 550344.51 12.87
205468.43 550254.51 15.10
205468.43 550164.51 11.77
205468.43 550074.51 7.36
205468.43 549984.51 11.41
205468.43 549894.51 14.81
205468.43 549804.51 13.46
205468.43 549714.51 12.68
205468.43 549624.51 12.73
205468.43 549534.51 13.00
205468.43 549444.51 13.15
205468.43 549354.51 13.35
205468.43 549264.51 13.09
205468.43 549174.51 12.88
205468.43 549084.51 13.10
205468.43 548994.51 13.28
205468.43 548904.51 13.70
205468.43 548814.51 13.78
205468.43 548724.51 13.36
205468.43 548634.51 13.02
205468.43 548544.51 13.05
205468.43 548454.51 13.40
205468.43 548364.51 13.39
205468.43 548274.51 13.21
205468.43 548184.51 15.01
205468.43 548094.51 15.18
205468.43 548004.51 11.91
205468.43 547914.51 7.91
205468.43 547824.51 5.17
205468.43 547734.51 4.30
205468.43 547644.51 4.17
205468.43 547554.51 4.09
205558.43 552144.51 11.94
205558.43 552054.51 11.83
205558.43 551964.51 11.95
205558.43 551874.51 11.83
205558.43 551784.51 11.76
205558.43 551694.51 11.94
205558.43 551604.51 12.35
205558.43 551514.51 12.53
205558.43 551424.51 12.43
205558.43 551334.51 12.22
205558.43 551244.51 11.52
205558.43 551154.51 10.69
205558.43 551064.51 10.63
205558.43 550974.51 10.64
205558.43 550884.51 11.49
205558.43 550794.51 12.08
205558.43 550704.51 11.77
205558.43 550614.51 11.29
205558.43 550524.51 10.75
205558.43 550434.51 11.98
205558.43 550344.51 15.20
205558.43 550254.51 13.90
205558.43 550164.51 8.86
205558.43 550074.51 6.34
205558.43 549984.51 10.66
205558.43 549894.51 14.09
205558.43 549804.51 13.25
205558.43 549714.51 12.66
205558.43 549624.51 12.69
205558.43 549534.51 12.75
205558.43 549444.51 13.00
205558.43 549354.51 13.26
205558.43 549264.51 12.90
205558.43 549174.51 12.72
205558.43 549084.51 12.99
205558.43 548994.51 13.23
205558.43 548904.51 13.82
205558.43 548814.51 14.39
205558.43 548724.51 14.39
205558.43 548634.51 13.92
205558.43 548544.51 13.94
205558.43 548454.51 14.53
205558.43 548364.51 14.57
205558.43 548274.51 14.12
205558.43 548184.51 14.43
205558.43 548094.51 16.31
205558.43 548004.51 14.40
205558.43 547914.51 10.19
205558.43 547824.51 6.07
205648.43 552054.51 11.71
205648.43 551964.51 11.55
205648.43 551874.51 11.75
205648.43 551784.51 12.04
205648.43 551694.51 12.29
205648.43 551604.51 12.57
205648.43 551514.51 12.68
205648.43 551424.51 12.58
205648.43 551334.51 12.35
205648.43 551244.51 12.32
205648.43 551154.51 11.30
205648.43 551064.51 11.04
205648.43 550974.51 11.99
205648.43 550884.51 12.13
205648.43 550794.51 12.03
205648.43 550704.51 11.36
205648.43 550614.51 10.65
205648.43 550524.51 12.05
205648.43 550434.51 11.92
205648.43 550344.51 10.39
205648.43 550254.51 8.33
205648.43 550164.51 6.56
205648.43 550074.51 8.31
205648.43 549984.51 12.12
205648.43 549894.51 13.56
205648.43 549804.51 13.38
205648.43 549714.51 12.89
205648.43 549624.51 12.60
205648.43 549534.51 12.61
205648.43 549444.51 12.68
205648.43 549354.51 12.84
205648.43 549264.51 12.84
205648.43 549174.51 12.97
205648.43 549084.51 13.07
205648.43 548994.51 13.11
205648.43 548904.51 13.48
205648.43 548814.51 13.93
205648.43 548724.51 14.18
205648.43 548634.51 14.25
205648.43 548544.51 14.69
205648.43 548454.51 15.06
205648.43 548364.51 14.79
205648.43 548274.51 14.41
205648.43 548184.51 14.48
205648.43 548094.51 18.39
205648.43 548004.51 17.03
205738.43 552054.51 11.64
205738.43 551964.51 11.72
205738.43 551874.51 12.02
205738.43 551784.51 11.96
205738.43 551694.51 12.17
205738.43 551604.51 12.65
205738.43 551514.51 12.70
205738.43 551424.51 12.57
205738.43 551334.51 12.49
205738.43 551244.51 12.74
205738.43 551154.51 12.15
205738.43 551064.51 11.78
205738.43 550974.51 12.18
205738.43 550884.51 11.76
205738.43 550794.51 11.18
205738.43 550704.51 11.11
205738.43 550614.51 12.83
205738.43 550524.51 12.06
205738.43 550434.51 8.61
205738.43 550344.51 6.74
205738.43 550254.51 8.02
205738.43 550164.51 10.43
205738.43 550074.51 12.17
205738.43 549984.51 13.40
205738.43 549894.51 13.65
205738.43 549804.51 13.36
205738.43 549714.51 12.94
205738.43 549624.51 12.67
205738.43 549534.51 12.57
205738.43 549444.51 12.71
205738.43 549354.51 12.90
205738.43 549264.51 12.95
205738.43 549174.51 13.05
205738.43 549084.51 13.11
205738.43 548994.51 13.15
205738.43 548904.51 13.40
205738.43 548814.51 13.55
205738.43 548724.51 13.60
205738.43 548634.51 13.84
205738.43 548544.51 14.79
205738.43 548454.51 15.31
205738.43 548364.51 14.74
205738.43 548274.51 14.39
205738.43 548184.51 15.17
205828.43 551964.51 12.19
205828.43 551874.51 12.43
205828.43 551784.51 12.40
205828.43 551694.51 12.48
205828.43 551604.51 12.65
205828.43 551514.51 12.71
205828.43 551424.51 12.93
205828.43 551334.51 12.72
205828.43 551244.51 12.71
205828.43 551154.51 12.66
205828.43 551064.51 11.77
205828.43 550974.51 11.36
205828.43 550884.51 11.12
205828.43 550794.51 9.77
205828.43 550704.51 9.92
205828.43 550614.51 10.13
205828.43 550524.51 8.21
205828.43 550434.51 7.56
205828.43 550344.51 8.97
205828.43 550254.51 12.27
205828.43 550164.51 13.57
205828.43 550074.51 13.02
205828.43 549984.51 13.34
205828.43 549894.51 13.54
205828.43 549804.51 13.22
205828.43 549714.51 12.88
205828.43 549624.51 12.80
205828.43 549534.51 12.67
205828.43 549444.51 12.79
205828.43 549354.51 13.04
205828.43 549264.51 13.00
205828.43 549174.51 13.06
205828.43 549084.51 13.15
205828.43 548994.51 13.30
205828.43 548904.51 13.46
205828.43 548814.51 13.47
205828.43 548724.51 13.51
205828.43 548634.51 13.62
205828.43 548544.51 14.60
205828.43 548454.51 15.69
205828.43 548364.51 15.66
205918.43 551964.51 12.60
205918.43 551874.51 12.70
205918.43 551784.51 12.69
205918.43 551694.51 12.71
205918.43 551604.51 12.75
205918.43 551514.51 12.73
205918.43 551424.51 12.79
205918.43 551334.51 12.62
205918.43 551244.51 12.58
205918.43 551154.51 12.73
205918.43 551064.51 12.56
205918.43 550974.51 12.61
205918.43 550884.51 12.00
205918.43 550794.51 9.40
205918.43 550704.51 8.15
205918.43 550614.51 9.75
205918.43 550524.51 11.61
205918.43 550434.51 12.79
205918.43 550344.51 14.03
205918.43 550254.51 14.32
205918.43 550164.51 13.35
205918.43 550074.51 12.84
205918.43 549984.51 13.29
205918.43 549894.51 13.62
205918.43 549804.51 13.67
205918.43 549714.51 13.58
205918.43 549624.51 13.21
205918.43 549534.51 12.80
205918.43 549444.51 12.74
205918.43 549354.51 12.97
205918.43 549264.51 13.15
205918.43 549174.51 13.17
205918.43 549084.51 13.21
205918.43 548994.51 13.35
205918.43 548904.51 13.43
205918.43 548814.51 13.41
205918.43 548724.51 13.49
205918.43 548634.51 13.61
206008.43 551874.51 12.75
206008.43 551784.51 12.67
206008.43 551694.51 12.76
206008.43 551604.51 12.76
206008.43 551514.51 12.70
206008.43 551424.51 12.75
206008.43 551334.51 12.65
206008.43 551244.51 12.59
206008.43 551154.51 12.75
206008.43 551064.51 13.68
206008.43 550974.51 12.91
206008.43 550884.51 10.24
206008.43 550794.51 7.86
206008.43 550704.51 10.46
206008.43 550614.51 14.49
206008.43 550524.51 15.81
206008.43 550434.51 16.26
206008.43 550344.51 17.47
206008.43 550254.51 16.07
206008.43 550164.51 13.56
206008.43 550074.51 13.11
206008.43 549984.51 13.53
206008.43 549894.51 13.75
206008.43 549804.51 13.92
206008.43 549714.51 14.06
206008.43 549624.51 13.89
206008.43 549534.51 13.60
206008.43 549444.51 13.01
206008.43 549354.51 12.92
206008.43 549264.51 13.23
206008.43 549174.51 13.33
206008.43 549084.51 13.54
206008.43 548994.51 13.52
206008.43 548904.51 13.42
206008.43 548814.51 13.41
206098.43 551874.51 12.85
206098.43 551784.51 12.73
206098.43 551694.51 12.73
206098.43 551604.51 12.78
206098.43 551514.51 12.83
206098.43 551424.51 12.97
206098.43 551334.51 13.66
206098.43 551244.51 13.76
206098.43 551154.51 14.43
206098.43 551064.51 13.42
206098.43 550974.51 10.09
206098.43 550884.51 7.95
206098.43 550794.51 9.34
206098.43 550704.51 15.69
206098.43 550614.51 19.66
206098.43 550524.51 19.54
206098.43 550434.51 18.61
206098.43 550344.51 18.44
206098.43 550254.51 16.41
206098.43 550164.51 14.06
206098.43 550074.51 13.88
206098.43 549984.51 13.89
206098.43 549894.51 13.98
206098.43 549804.51 14.62
206098.43 549714.51 14.90
206098.43 549624.51 14.76
206098.43 549534.51 14.56
206098.43 549444.51 14.00
206098.43 549354.51 13.73
206098.43 549264.51 13.40
206098.43 549174.51 13.15
206098.43 549084.51 13.39
206098.43 548994.51 13.51
206188.43 551784.51 12.70
206188.43 551694.51 12.84
206188.43 551604.51 12.88
206188.43 551514.51 12.88
206188.43 551424.51 13.14
206188.43 551334.51 13.65
206188.43 551244.51 14.71
206188.43 551154.51 13.57
206188.43 551064.51 10.04
206188.43 550974.51 7.91
206188.43 550884.51 10.82
206188.43 550794.51 14.01
206188.43 550704.51 15.03
206188.43 550614.51 16.19
206188.43 550524.51 18.27
206188.43 550434.51 19.99
206188.43 550344.51 20.56
206188.43 550254.51 18.40
206188.43 550164.51 15.74
206188.43 550074.51 14.84
206188.43 549984.51 14.09
206188.43 549894.51 14.18
206188.43 549804.51 15.99
206188.43 549714.51 18.82
206188.43 549624.51 18.95
206188.43 549534.51 16.32
206188.43 549444.51 14.97
206188.43 549354.51 14.49
206188.43 549264.51 13.65
206188.43 549174.51 13.36
206278.43 551784.51 12.97
206278.43 551694.51 12.83
206278.43 551604.51 12.78
206278.43 551514.51 12.83
206278.43 551424.51 13.99
206278.43 551334.51 13.32
206278.43 551244.51 11.38
206278.43 551154.51 9.38
206278.43 551064.51 8.82
206278.43 550974.51 11.49
206278.43 550884.51 14.52
206278.43 550794.51 15.39
206278.43 550704.51 14.21
206278.43 550614.51 13.60
206278.43 550524.51 14.42
206278.43 550434.51 16.22
206278.43 550344.51 18.38
206278.43 550254.51 19.79
206278.43 550164.51 18.62
206278.43 550074.51 17.85
206278.43 549984.51 16.17
206278.43 549894.51 14.58
206278.43 549804.51 16.60
206278.43 549714.51 22.29
206278.43 549624.51 21.54
206278.43 549534.51 16.69
206278.43 549444.51 15.57
206278.43 549354.51 15.07
206368.43 551694.51 12.91
206368.43 551604.51 13.37
206368.43 551514.51 14.10
206368.43 551424.51 12.48
206368.43 551334.51 9.64
206368.43 551244.51 8.27
206368.43 551154.51 9.51
206368.43 551064.51 12.54
206368.43 550974.51 14.97
206368.43 550884.51 15.58
206368.43 550794.51 15.57
206368.43 550704.51 14.63
206368.43 550614.51 13.74
206368.43 550524.51 13.23
206368.43 550434.51 13.22
206368.43 550344.51 14.31
206368.43 550254.51 17.32
206368.43 550164.51 18.75
206368.43 550074.51 19.48
206368.43 549984.51 17.74
206368.43 549894.51 15.38
206368.43 549804.51 16.75
206368.43 549714.51 22.17
206368.43 549624.51 22.52
206458.43 551604.51 12.12
206458.43 551514.51 10.77
206458.43 551424.51 9.35
206458.43 551334.51 9.57
206458.43 551244.51 12.23
206458.43 551154.51 14.98
206458.43 551064.51 15.85
206458.43 550974.51 15.94
206458.43 550884.51 16.53
206458.43 550794.51 17.23
206458.43 550704.51 16.56
206458.43 550614.51 14.91
206458.43 550524.51 13.67
206458.43 550434.51 13.18
206458.43 550344.51 14.10
206458.43 550254.51 15.47
206458.43 550164.51 16.54
206458.43 550074.51 18.98
206458.43 549984.51 21.22
206458.43 549894.51 19.59
206458.43 549804.51 18.61
206548.43 551604.51 8.65
206548.43 551514.51 8.63
206548.43 551424.51 11.93
206548.43 551334.51 14.22
206548.43 551244.51 15.03
206548.43 551154.51 16.22
206548.43 551064.51 16.34
206548.43 550974.51 16.51
206548.43 550884.51 18.04
206548.43 550794.51 17.80
206548.43 550704.51 18.12
206548.43 550614.51 17.24
206548.43 550524.51 14.88
206548.43 550434.51 14.59
206548.43 550344.51 14.60
206548.43 550254.51 14.65
206548.43 550164.51 15.17
206548.43 550074.51 16.45
206548.43 549984.51 19.65
206638.43 551514.51 13.09
206638.43 551424.51 14.86
206638.43 551334.51 15.86
206638.43 551244.51 15.75
206638.43 551154.51 15.82
206638.43 551064.51 15.95
206638.43 550974.51 16.23
206638.43 550884.51 17.29
206638.43 550794.51 19.06
206638.43 550704.51 20.05
206638.43 550614.51 18.82
206638.43 550524.51 19.32
206638.43 550434.51 20.61
206638.43 550344.51 18.48
206638.43 550254.51 16.48
206638.43 550164.51 16.27
206728.43 551514.51 15.24
206728.43 551424.51 15.64
206728.43 551334.51 16.24
206728.43 551244.51 16.47
206728.43 551154.51 16.21
206728.43 551064.51 16.08
206728.43 550974.51 15.91
206728.43 550884.51 16.12
206728.43 550794.51 17.89
206728.43 550704.51 19.56
206728.43 550614.51 19.96
206728.43 550524.51 21.44
206728.43 550434.51 21.23
206818.43 551424.51 16.23
206818.43 551334.51 17.48
206818.43 551244.51 17.92
206818.43 551154.51 18.56
206818.43 551064.51 17.56
206818.43 550974.51 16.08
206818.43 550884.51 15.97
206818.43 550794.51 16.45
206818.43 550704.51 18.30
206818.43 550614.51 20.27
206908.43 551334.51 20.17
206908.43 551244.51 20.85
206908.43 551154.51 20.73
206908.43 551064.51 18.61
206908.43 550974.51 16.59
206908.43 550884.51 16.08
206908.43 550794.51 16.02
