183977.56 546110.34 54.18
183977.56 546020.34 45.93
183977.56 545930.34 40.30
183977.56 545840.34 46.46
183977.56 545750.34 63.48
183977.56 545660.34 69.82
183977.56 545570.34 67.33
184067.56 547100.34 41.54
184067.56 547010.34 51.64
184067.56 546920.34 62.86
184067.56 546830.34 62.67
184067.56 546740.34 54.60
184067.56 546650.34 45.87
184067.56 546560.34 41.55
184067.56 546470.34 44.83
184067.56 546380.34 56.48
184067.56 546290.34 70.19
184067.56 546200.34 73.68
184067.56 546110.34 63.42
184067.56 546020.34 48.46
184067.56 545930.34 42.79
184067.56 545840.34 47.74
184067.56 545750.34 59.27
184067.56 545660.34 75.94
184067.56 545570.34 79.55
184067.56 545480.34 83.88
184067.56 545390.34 88.62
184157.56 548180.34 24.27
184157.56 548090.34 23.76
184157.56 548000.34 26.61
184157.56 547910.34 31.73
184157.56 547820.34 29.62
184157.56 547730.34 23.56
184157.56 547640.34 21.05
184157.56 547550.34 20.72
184157.56 547460.34 20.71
184157.56 547370.34 21.86
184157.56 547280.34 24.79
184157.56 547190.34 27.46
184157.56 547100.34 35.18
184157.56 547010.34 53.25
184157.56 546920.34 68.48
184157.56 546830.34 66.40
184157.56 546740.34 56.98
184157.56 546650.34 49.56
184157.56 546560.34 46.82
184157.56 546470.34 57.28
184157.56 546380.34 63.21
184157.56 546290.34 73.33
184157.56 546200.34 72.77
184157.56 546110.34 60.06
184157.56 546020.34 48.91
184157.56 545930.34 45.32
184157.56 545840.34 49.49
184157.56 545750.34 56.01
184157.56 545660.34 73.79
184157.56 545570.34 87.81
184157.56 545480.34 89.40
184157.56 545390.34 88.82
184157.56 545300.34 83.60
184247.56 549170.34 26.50
184247.56 549080.34 28.09
184247.56 548990.34 27.28
184247.56 548900.34 25.85
184247.56 548810.34 30.18
184247.56 548720.34 35.84
184247.56 548630.34 41.65
184247.56 548540.34 40.77
184247.56 548450.34 35.30
184247.56 548360.34 31.99
184247.56 548270.34 29.61
184247.56 548180.34 26.89
184247.56 548090.34 26.35
184247.56 548000.34 27.45
184247.56 547910.34 29.05
184247.56 547820.34 26.82
184247.56 547730.34 23.07
184247.56 547640.34 21.69
184247.56 547550.34 21.44
184247.56 547460.34 21.35
184247.56 547370.34 22.12
184247.56 547280.34 23.33
184247.56 547190.34 25.39
184247.56 547100.34 33.84
184247.56 547010.34 47.95
184247.56 546920.34 64.63
184247.56 546830.34 66.28
184247.56 546740.34 59.98
184247.56 546650.34 56.53
184247.56 546560.34 53.13
184247.56 546470.34 56.72
184247.56 546380.34 71.21
184247.56 546290.34 83.42
184247.56 546200.34 74.14
184247.56 546110.34 58.02
184247.56 546020.34 49.48
184247.56 545930.34 47.98
184247.56 545840.34 52.87
184247.56 545750.34 56.66
184247.56 545660.34 71.74
184247.56 545570.34 90.61
184247.56 545480.34 106.14
184247.56 545390.34 110.97
184247.56 545300.34 96.72
184337.56 549980.34 14.88
184337.56 549890.34 17.78
184337.56 549800.34 20.03
184337.56 549710.34 19.25
184337.56 549620.34 19.99
184337.56 549530.34 23.29
184337.56 549440.34 24.79
184337.56 549350.34 23.26
184337.56 549260.34 22.30
184337.56 549170.34 24.75
184337.56 549080.34 26.18
184337.56 548990.34 25.38
184337.56 548900.34 24.29
184337.56 548810.34 27.93
184337.56 548720.34 32.02
184337.56 548630.34 35.07
184337.56 548540.34 34.17
184337.56 548450.34 31.47
184337.56 548360.34 31.01
184337.56 548270.34 32.79
184337.56 548180.34 33.63
184337.56 548090.34 37.59
184337.56 548000.34 35.84
184337.56 547910.34 33.74
184337.56 547820.34 32.69
184337.56 547730.34 28.63
184337.56 547640.34 25.89
184337.56 547550.34 24.27
184337.56 547460.34 23.13
184337.56 547370.34 22.87
184337.56 547280.34 24.98
184337.56 547190.34 28.85
184337.56 547100.34 39.34
184337.56 547010.34 54.00
184337.56 546920.34 73.31
184337.56 546830.34 91.62
184337.56 546740.34 91.03
184337.56 546650.34 80.18
184337.56 546560.34 78.13
184337.56 546470.34 87.76
184337.56 546380.34 99.24
184337.56 546290.34 94.83
184337.56 546200.34 84.81
184337.56 546110.34 73.82
184337.56 546020.34 62.63
184337.56 545930.34 62.78
184337.56 545840.34 70.49
184337.56 545750.34 79.37
184337.56 545660.34 81.22
184337.56 545570.34 89.52
184337.56 545480.34 109.59
184337.56 545390.34 108.50
184337.56 545300.34 91.07
184337.56 545210.34 79.60
184427.56 550160.34 12.28
184427.56 550070.34 14.57
184427.56 549980.34 18.28
184427.56 549890.34 21.09
184427.56 549800.34 22.98
184427.56 549710.34 22.65
184427.56 549620.34 24.38
184427.56 549530.34 29.89
184427.56 549440.34 32.49
184427.56 549350.34 33.81
184427.56 549260.34 29.21
184427.56 549170.34 25.28
184427.56 549080.34 25.00
184427.56 548990.34 24.30
184427.56 548900.34 22.91
184427.56 548810.34 27.26
184427.56 548720.34 31.44
184427.56 548630.34 33.82
184427.56 548540.34 29.82
184427.56 548450.34 26.49
184427.56 548360.34 26.67
184427.56 548270.34 26.86
184427.56 548180.34 27.39
184427.56 548090.34 32.57
184427.56 548000.34 39.35
184427.56 547910.34 46.52
184427.56 547820.34 39.70
184427.56 547730.34 31.10
184427.56 547640.34 29.85
184427.56 547550.34 27.48
184427.56 547460.34 25.10
184427.56 547370.34 24.90
184427.56 547280.34 26.25
184427.56 547190.34 30.65
184427.56 547100.34 42.77
184427.56 547010.34 56.79
184427.56 546920.34 72.54
184427.56 546830.34 93.59
184427.56 546740.34 105.90
184427.56 546650.34 99.29
184427.56 546560.34 97.69
184427.56 546470.34 108.12
184427.56 546380.34 103.10
184427.56 546290.34 83.85
184427.56 546200.34 75.28
184427.56 546110.34 68.67
184427.56 546020.34 65.38
184427.56 545930.34 71.51
184427.56 545840.34 76.13
184427.56 545750.34 75.03
184427.56 545660.34 83.30
184427.56 545570.34 98.49
184427.56 545480.34 121.14
184427.56 545390.34 119.00
184427.56 545300.34 95.61
184427.56 545210.34 74.78
184427.56 545120.34 69.42
184517.56 550160.34 14.47
184517.56 550070.34 15.57
184517.56 549980.34 18.34
184517.56 549890.34 21.75
184517.56 549800.34 25.78
184517.56 549710.34 28.22
184517.56 549620.34 33.00
184517.56 549530.34 44.07
184517.56 549440.34 55.01
184517.56 549350.34 50.04
184517.56 549260.34 40.79
184517.56 549170.34 35.96
184517.56 549080.34 26.86
184517.56 548990.34 21.03
184517.56 548900.34 20.34
184517.56 548810.34 26.05
184517.56 548720.34 30.76
184517.56 548630.34 30.75
184517.56 548540.34 25.31
184517.56 548450.34 23.49
184517.56 548360.34 23.52
184517.56 548270.34 22.57
184517.56 548180.34 23.43
184517.56 548090.34 26.33
184517.56 548000.34 31.33
184517.56 547910.34 38.01
184517.56 547820.34 43.50
184517.56 547730.34 44.34
184517.56 547640.34 40.89
184517.56 547550.34 32.76
184517.56 547460.34 27.88
184517.56 547370.34 28.57
184517.56 547280.34 31.69
184517.56 547190.34 34.21
184517.56 547100.34 46.76
184517.56 547010.34 60.98
184517.56 546920.34 82.76
184517.56 546830.34 107.03
184517.56 546740.34 116.60
184517.56 546650.34 107.64
184517.56 546560.34 97.52
184517.56 546470.34 91.42
184517.56 546380.34 83.18
184517.56 546290.34 75.42
184517.56 546200.34 61.21
184517.56 546110.34 52.49
184517.56 546020.34 53.23
184517.56 545930.34 58.08
184517.56 545840.34 64.30
184517.56 545750.34 73.77
184517.56 545660.34 88.86
184517.56 545570.34 108.11
184517.56 545480.34 116.54
184517.56 545390.34 107.93
184517.56 545300.34 85.61
184517.56 545210.34 66.03
184517.56 545120.34 59.12
184517.56 545030.34 66.54
184607.56 550250.34 13.77
184607.56 550160.34 15.44
184607.56 550070.34 16.23
184607.56 549980.34 26.96
184607.56 549890.34 33.26
184607.56 549800.34 39.12
184607.56 549710.34 43.10
184607.56 549620.34 46.79
184607.56 549530.34 50.44
184607.56 549440.34 50.63
184607.56 549350.34 45.23
184607.56 549260.34 33.92
184607.56 549170.34 26.36
184607.56 549080.34 21.53
184607.56 548990.34 18.50
184607.56 548900.34 17.86
184607.56 548810.34 18.84
184607.56 548720.34 22.89
184607.56 548630.34 27.64
184607.56 548540.34 23.19
184607.56 548450.34 21.53
184607.56 548360.34 21.37
184607.56 548270.34 20.01
184607.56 548180.34 21.43
184607.56 548090.34 25.24
184607.56 548000.34 30.93
184607.56 547910.34 41.28
184607.56 547820.34 48.30
184607.56 547730.34 44.46
184607.56 547640.34 37.54
184607.56 547550.34 32.66
184607.56 547460.34 30.44
184607.56 547370.34 31.38
184607.56 547280.34 38.63
184607.56 547190.34 38.48
184607.56 547100.34 43.24
184607.56 547010.34 57.93
184607.56 546920.34 75.38
184607.56 546830.34 100.43
184607.56 546740.34 114.93
184607.56 546650.34 107.57
184607.56 546560.34 91.75
184607.56 546470.34 77.58
184607.56 546380.34 70.00
184607.56 546290.34 63.85
184607.56 546200.34 50.92
184607.56 546110.34 44.43
184607.56 546020.34 49.50
184607.56 545930.34 57.58
184607.56 545840.34 66.61
184607.56 545750.34 80.95
184607.56 545660.34 104.95
184607.56 545570.34 112.85
184607.56 545480.34 97.17
184607.56 545390.34 90.67
184607.56 545300.34 80.49
184607.56 545210.34 61.72
184607.56 545120.34 53.05
184607.56 545030.34 59.76
184607.56 544940.34 52.10
184697.56 550250.34 13.74
184697.56 550160.34 17.62
184697.56 550070.34 22.96
184697.56 549980.34 39.95
184697.56 549890.34 57.89
184697.56 549800.34 60.46
184697.56 549710.34 56.85
184697.56 549620.34 52.25
184697.56 549530.34 44.89
184697.56 549440.34 37.76
184697.56 549350.34 32.31
184697.56 549260.34 25.11
184697.56 549170.34 20.45
184697.56 549080.34 19.00
184697.56 548990.34 18.28
184697.56 548900.34 17.56
184697.56 548810.34 16.45
184697.56 548720.34 18.00
184697.56 548630.34 19.83
184697.56 548540.34 18.51
184697.56 548450.34 17.91
184697.56 548360.34 17.85
184697.56 548270.34 19.87
184697.56 548180.34 24.19
184697.56 548090.34 28.55
184697.56 548000.34 32.18
184697.56 547910.34 44.60
184697.56 547820.34 56.92
184697.56 547730.34 50.62
184697.56 547640.34 42.37
184697.56 547550.34 37.24
184697.56 547460.34 40.52
184697.56 547370.34 42.22
184697.56 547280.34 37.51
184697.56 547190.34 35.80
184697.56 547100.34 43.80
184697.56 547010.34 59.12
184697.56 546920.34 80.82
184697.56 546830.34 90.88
184697.56 546740.34 101.03
184697.56 546650.34 111.71
184697.56 546560.34 104.37
184697.56 546470.34 83.68
184697.56 546380.34 59.00
184697.56 546290.34 46.60
184697.56 546200.34 42.48
184697.56 546110.34 41.25
184697.56 546020.34 45.77
184697.56 545930.34 57.02
184697.56 545840.34 68.56
184697.56 545750.34 77.90
184697.56 545660.34 93.42
184697.56 545570.34 103.52
184697.56 545480.34 89.45
184697.56 545390.34 71.23
184697.56 545300.34 63.08
184697.56 545210.34 53.36
184697.56 545120.34 46.97
184697.56 545030.34 50.39
184697.56 544940.34 48.24
184697.56 544850.34 43.51
184787.56 550250.34 15.60
184787.56 550160.34 20.64
184787.56 550070.34 29.50
184787.56 549980.34 38.36
184787.56 549890.34 50.50
184787.56 549800.34 55.73
184787.56 549710.34 48.96
184787.56 549620.34 40.48
184787.56 549530.34 33.58
184787.56 549440.34 29.36
184787.56 549350.34 28.02
184787.56 549260.34 24.19
184787.56 549170.34 21.85
184787.56 549080.34 21.82
184787.56 548990.34 20.89
184787.56 548900.34 19.54
184787.56 548810.34 17.19
184787.56 548720.34 15.66
184787.56 548630.34 15.74
184787.56 548540.34 16.11
184787.56 548450.34 16.93
184787.56 548360.34 20.09
184787.56 548270.34 24.87
184787.56 548180.34 28.34
184787.56 548090.34 30.79
184787.56 548000.34 32.41
184787.56 547910.34 35.41
184787.56 547820.34 52.36
184787.56 547730.34 54.40
184787.56 547640.34 46.45
184787.56 547550.34 50.32
184787.56 547460.34 56.69
184787.56 547370.34 52.67
184787.56 547280.34 38.14
184787.56 547190.34 32.72
184787.56 547100.34 46.43
184787.56 547010.34 57.81
184787.56 546920.34 69.28
184787.56 546830.34 75.38
184787.56 546740.34 87.73
184787.56 546650.34 98.15
184787.56 546560.34 86.28
184787.56 546470.34 67.34
184787.56 546380.34 55.37
184787.56 546290.34 45.75
184787.56 546200.34 39.90
184787.56 546110.34 38.95
184787.56 546020.34 43.86
184787.56 545930.34 60.01
184787.56 545840.34 65.01
184787.56 545750.34 63.05
184787.56 545660.34 75.79
184787.56 545570.34 83.67
184787.56 545480.34 78.12
184787.56 545390.34 63.55
184787.56 545300.34 52.19
184787.56 545210.34 45.90
184787.56 545120.34 41.24
184787.56 545030.34 39.55
184787.56 544940.34 37.03
184787.56 544850.34 34.57
184787.56 544760.34 33.22
184877.56 550250.34 18.88
184877.56 550160.34 21.42
184877.56 550070.34 26.60
184877.56 549980.34 34.97
184877.56 549890.34 47.36
184877.56 549800.34 54.73
184877.56 549710.34 49.78
184877.56 549620.34 41.71
184877.56 549530.34 35.82
184877.56 549440.34 32.26
184877.56 549350.34 32.35
184877.56 549260.34 30.80
184877.56 549170.34 27.85
184877.56 549080.34 24.41
184877.56 548990.34 21.84
184877.56 548900.34 20.75
184877.56 548810.34 18.43
184877.56 548720.34 15.93
184877.56 548630.34 14.98
184877.56 548540.34 15.21
184877.56 548450.34 16.26
184877.56 548360.34 18.13
184877.56 548270.34 21.59
184877.56 548180.34 24.18
184877.56 548090.34 27.45
184877.56 548000.34 29.96
184877.56 547910.34 30.65
184877.56 547820.34 39.90
184877.56 547730.34 42.08
184877.56 547640.34 37.63
184877.56 547550.34 47.55
184877.56 547460.34 56.61
184877.56 547370.34 45.19
184877.56 547280.34 31.80
184877.56 547190.34 31.01
184877.56 547100.34 40.23
184877.56 547010.34 48.27
184877.56 546920.34 52.03
184877.56 546830.34 60.45
184877.56 546740.34 71.55
184877.56 546650.34 75.02
184877.56 546560.34 69.37
184877.56 546470.34 56.69
184877.56 546380.34 44.27
184877.56 546290.34 42.42
184877.56 546200.34 41.12
184877.56 546110.34 38.86
184877.56 546020.34 39.45
184877.56 545930.34 44.16
184877.56 545840.34 45.95
184877.56 545750.34 48.80
184877.56 545660.34 59.22
184877.56 545570.34 67.58
184877.56 545480.34 63.13
184877.56 545390.34 53.79
184877.56 545300.34 48.72
184877.56 545210.34 46.06
184877.56 545120.34 42.47
184877.56 545030.34 38.81
184877.56 544940.34 34.47
184877.56 544850.34 31.40
184877.56 544760.34 30.12
184877.56 544670.34 28.16
184967.56 550250.34 16.98
184967.56 550160.34 23.37
184967.56 550070.34 31.90
184967.56 549980.34 36.91
184967.56 549890.34 49.59
184967.56 549800.34 50.87
184967.56 549710.34 45.87
184967.56 549620.34 45.90
184967.56 549530.34 44.35
184967.56 549440.34 37.79
184967.56 549350.34 32.09
184967.56 549260.34 32.60
184967.56 549170.34 30.18
184967.56 549080.34 24.72
184967.56 548990.34 22.51
184967.56 548900.34 21.32
184967.56 548810.34 18.29
184967.56 548720.34 15.66
184967.56 548630.34 14.60
184967.56 548540.34 14.39
184967.56 548450.34 15.59
184967.56 548360.34 17.12
184967.56 548270.34 18.44
184967.56 548180.34 20.92
184967.56 548090.34 23.96
184967.56 548000.34 25.58
184967.56 547910.34 25.45
184967.56 547820.34 30.66
184967.56 547730.34 32.77
184967.56 547640.34 31.44
184967.56 547550.34 36.81
184967.56 547460.34 42.87
184967.56 547370.34 38.21
184967.56 547280.34 29.53
184967.56 547190.34 31.63
184967.56 547100.34 35.69
184967.56 547010.34 39.10
184967.56 546920.34 41.29
184967.56 546830.34 47.19
184967.56 546740.34 50.52
184967.56 546650.34 51.54
184967.56 546560.34 59.85
184967.56 546470.34 59.69
184967.56 546380.34 45.34
184967.56 546290.34 38.07
184967.56 546200.34 37.92
184967.56 546110.34 38.44
184967.56 546020.34 37.79
184967.56 545930.34 37.45
184967.56 545840.34 39.45
184967.56 545750.34 41.92
184967.56 545660.34 50.33
184967.56 545570.34 66.77
184967.56 545480.34 68.00
184967.56 545390.34 66.28
184967.56 545300.34 62.23
184967.56 545210.34 54.44
184967.56 545120.34 47.20
184967.56 545030.34 42.70
184967.56 544940.34 38.72
184967.56 544850.34 35.67
184967.56 544760.34 33.77
184967.56 544670.34 29.61
184967.56 544580.34 27.02
185057.56 550160.34 15.46
185057.56 550070.34 19.34
185057.56 549980.34 28.47
185057.56 549890.34 37.82
185057.56 549800.34 38.02
185057.56 549710.34 36.26
185057.56 549620.34 35.64
185057.56 549530.34 31.56
185057.56 549440.34 28.57
185057.56 549350.34 27.90
185057.56 549260.34 27.99
185057.56 549170.34 25.72
185057.56 549080.34 22.17
185057.56 548990.34 21.13
185057.56 548900.34 20.37
185057.56 548810.34 18.86
185057.56 548720.34 16.62
185057.56 548630.34 14.09
185057.56 548540.34 13.21
185057.56 548450.34 13.91
185057.56 548360.34 14.70
185057.56 548270.34 15.76
185057.56 548180.34 16.43
185057.56 548090.34 16.73
185057.56 548000.34 18.13
185057.56 547910.34 18.92
185057.56 547820.34 21.43
185057.56 547730.34 21.72
185057.56 547640.34 24.25
185057.56 547550.34 28.42
185057.56 547460.34 30.30
185057.56 547370.34 29.81
185057.56 547280.34 24.89
185057.56 547190.34 22.77
185057.56 547100.34 25.24
185057.56 547010.34 27.69
185057.56 546920.34 28.24
185057.56 546830.34 29.25
185057.56 546740.34 32.94
185057.56 546650.34 39.84
185057.56 546560.34 40.86
185057.56 546470.34 39.02
185057.56 546380.34 42.94
185057.56 546290.34 44.62
185057.56 546200.34 40.50
185057.56 546110.34 37.83
185057.56 546020.34 36.78
185057.56 545930.34 35.92
185057.56 545840.34 35.90
185057.56 545750.34 36.68
185057.56 545660.34 47.45
185057.56 545570.34 65.21
185057.56 545480.34 65.98
185057.56 545390.34 69.33
185057.56 545300.34 66.40
185057.56 545210.34 58.62
185057.56 545120.34 68.28
185057.56 545030.34 70.80
185057.56 544940.34 49.82
185057.56 544850.34 36.51
185057.56 544760.34 33.43
185057.56 544670.34 32.82
185057.56 544580.34 37.05
185057.56 544490.34 36.91
185147.56 550070.34 21.36
185147.56 549980.34 25.25
185147.56 549890.34 29.04
185147.56 549800.34 31.18
185147.56 549710.34 33.50
185147.56 549620.34 32.08
185147.56 549530.34 28.03
185147.56 549440.34 26.08
185147.56 549350.34 24.42
185147.56 549260.34 22.68
185147.56 549170.34 20.93
185147.56 549080.34 18.98
185147.56 548990.34 18.40
185147.56 548900.34 18.77
185147.56 548810.34 18.86
185147.56 548720.34 16.68
185147.56 548630.34 13.60
185147.56 548540.34 12.11
185147.56 548450.34 12.53
185147.56 548360.34 13.18
185147.56 548270.34 14.00
185147.56 548180.34 14.79
185147.56 548090.34 14.64
185147.56 548000.34 14.71
185147.56 547910.34 15.53
185147.56 547820.34 17.84
185147.56 547730.34 18.75
185147.56 547640.34 19.06
185147.56 547550.34 22.62
185147.56 547460.34 27.43
185147.56 547370.34 26.18
185147.56 547280.34 21.78
185147.56 547190.34 20.54
185147.56 547100.34 21.87
185147.56 547010.34 23.26
185147.56 546920.34 24.35
185147.56 546830.34 28.30
185147.56 546740.34 34.94
185147.56 546650.34 37.52
185147.56 546560.34 37.25
185147.56 546470.34 36.83
185147.56 546380.34 46.68
185147.56 546290.34 51.74
185147.56 546200.34 47.64
185147.56 546110.34 39.77
185147.56 546020.34 35.19
185147.56 545930.34 34.70
185147.56 545840.34 33.52
185147.56 545750.34 33.41
185147.56 545660.34 45.42
185147.56 545570.34 65.65
185147.56 545480.34 61.78
185147.56 545390.34 58.22
185147.56 545300.34 53.98
185147.56 545210.34 47.14
185147.56 545120.34 59.34
185147.56 545030.34 65.00
185147.56 544940.34 52.32
185147.56 544850.34 41.42
185147.56 544760.34 36.99
185147.56 544670.34 38.10
185147.56 544580.34 41.96
185147.56 544490.34 42.52
185237.56 549890.34 26.91
185237.56 549800.34 25.68
185237.56 549710.34 23.45
185237.56 549620.34 22.74
185237.56 549530.34 22.57
185237.56 549440.34 23.01
185237.56 549350.34 22.13
185237.56 549260.34 19.20
185237.56 549170.34 17.32
185237.56 549080.34 16.45
185237.56 548990.34 16.05
185237.56 548900.34 15.27
185237.56 548810.34 15.11
185237.56 548720.34 14.44
185237.56 548630.34 12.42
185237.56 548540.34 11.23
185237.56 548450.34 11.45
185237.56 548360.34 12.04
185237.56 548270.34 12.46
185237.56 548180.34 13.12
185237.56 548090.34 13.64
185237.56 548000.34 14.01
185237.56 547910.34 14.39
185237.56 547820.34 14.93
185237.56 547730.34 15.37
185237.56 547640.34 17.88
185237.56 547550.34 19.73
185237.56 547460.34 21.15
185237.56 547370.34 19.52
185237.56 547280.34 18.40
185237.56 547190.34 18.88
185237.56 547100.34 20.10
185237.56 547010.34 21.57
185237.56 546920.34 23.39
185237.56 546830.34 26.48
185237.56 546740.34 32.93
185237.56 546650.34 36.87
185237.56 546560.34 37.80
185237.56 546470.34 38.16
185237.56 546380.34 38.37
185237.56 546290.34 39.27
185237.56 546200.34 38.45
185237.56 546110.34 35.21
185237.56 546020.34 32.93
185237.56 545930.34 31.19
185237.56 545840.34 30.13
185237.56 545750.34 32.65
185237.56 545660.34 48.07
185237.56 545570.34 52.12
185237.56 545480.34 44.81
185237.56 545390.34 44.88
185237.56 545300.34 42.73
185237.56 545210.34 40.50
185237.56 545120.34 47.30
185237.56 545030.34 56.09
185237.56 544940.34 54.76
185237.56 544850.34 46.19
185237.56 544760.34 43.30
185237.56 544670.34 49.28
185237.56 544580.34 52.15
185237.56 544490.34 54.50
185327.56 549710.34 20.96
185327.56 549620.34 20.37
185327.56 549530.34 19.67
185327.56 549440.34 19.54
185327.56 549350.34 19.49
185327.56 549260.34 18.13
185327.56 549170.34 16.56
185327.56 549080.34 15.66
185327.56 548990.34 15.09
185327.56 548900.34 13.97
185327.56 548810.34 12.85
185327.56 548720.34 12.19
185327.56 548630.34 11.73
185327.56 548540.34 11.30
185327.56 548450.34 11.09
185327.56 548360.34 11.01
185327.56 548270.34 11.21
185327.56 548180.34 11.68
185327.56 548090.34 12.09
185327.56 548000.34 12.50
185327.56 547910.34 13.11
185327.56 547820.34 13.45
185327.56 547730.34 13.58
185327.56 547640.34 14.83
185327.56 547550.34 16.29
185327.56 547460.34 19.97
185327.56 547370.34 18.38
185327.56 547280.34 16.19
185327.56 547190.34 17.09
185327.56 547100.34 18.85
185327.56 547010.34 20.96
185327.56 546920.34 23.12
185327.56 546830.34 25.80
185327.56 546740.34 31.21
185327.56 546650.34 35.69
185327.56 546560.34 36.83
185327.56 546470.34 36.52
185327.56 546380.34 36.25
185327.56 546290.34 38.47
185327.56 546200.34 44.27
185327.56 546110.34 37.87
185327.56 546020.34 30.21
185327.56 545930.34 28.35
185327.56 545840.34 26.37
185327.56 545750.34 27.12
185327.56 545660.34 45.06
185327.56 545570.34 49.60
185327.56 545480.34 38.44
185327.56 545390.34 34.79
185327.56 545300.34 35.58
185327.56 545210.34 34.69
185327.56 545120.34 36.51
185327.56 545030.34 42.91
185327.56 544940.34 53.18
185327.56 544850.34 53.50
185327.56 544760.34 55.16
185327.56 544670.34 67.82
185327.56 544580.34 73.76
185327.56 544490.34 76.98
185417.56 549530.34 18.07
185417.56 549440.34 17.69
185417.56 549350.34 17.19
185417.56 549260.34 16.36
185417.56 549170.34 15.66
185417.56 549080.34 15.11
185417.56 548990.34 14.67
185417.56 548900.34 13.64
185417.56 548810.34 12.85
185417.56 548720.34 12.29
185417.56 548630.34 11.75
185417.56 548540.34 11.28
185417.56 548450.34 10.98
185417.56 548360.34 10.96
185417.56 548270.34 10.85
185417.56 548180.34 10.82
185417.56 548090.34 10.87
185417.56 548000.34 10.89
185417.56 547910.34 11.07
185417.56 547820.34 12.45
185417.56 547730.34 13.31
185417.56 547640.34 13.74
185417.56 547550.34 14.48
185417.56 547460.34 15.61
185417.56 547370.34 15.18
185417.56 547280.34 17.28
185417.56 547190.34 18.30
185417.56 547100.34 18.15
185417.56 547010.34 19.48
185417.56 546920.34 22.46
185417.56 546830.34 26.35
185417.56 546740.34 29.50
185417.56 546650.34 33.80
185417.56 546560.34 36.07
185417.56 546470.34 36.05
185417.56 546380.34 35.37
185417.56 546290.34 41.71
185417.56 546200.34 49.33
185417.56 546110.34 43.35
185417.56 546020.34 33.03
185417.56 545930.34 27.69
185417.56 545840.34 25.73
185417.56 545750.34 26.24
185417.56 545660.34 43.20
185417.56 545570.34 46.81
185417.56 545480.34 35.27
185417.56 545390.34 31.20
185417.56 545300.34 33.72
185417.56 545210.34 33.88
185417.56 545120.34 39.24
185417.56 545030.34 46.60
185417.56 544940.34 66.66
185417.56 544850.34 73.98
185417.56 544760.34 68.83
185417.56 544670.34 74.10
185417.56 544580.34 90.45
185417.56 544490.34 86.84
185507.56 549350.34 16.55
185507.56 549260.34 15.84
185507.56 549170.34 15.18
185507.56 549080.34 14.85
185507.56 548990.34 14.52
185507.56 548900.34 13.99
185507.56 548810.34 13.20
185507.56 548720.34 12.48
185507.56 548630.34 12.08
185507.56 548540.34 11.43
185507.56 548450.34 11.02
185507.56 548360.34 10.94
185507.56 548270.34 11.05
185507.56 548180.34 10.74
185507.56 548090.34 10.14
185507.56 548000.34 10.06
185507.56 547910.34 10.05
185507.56 547820.34 10.50
185507.56 547730.34 11.64
185507.56 547640.34 12.79
185507.56 547550.34 13.32
185507.56 547460.34 13.79
185507.56 547370.34 14.48
185507.56 547280.34 15.53
185507.56 547190.34 15.63
185507.56 547100.34 16.43
185507.56 547010.34 21.05
185507.56 546920.34 29.60
185507.56 546830.34 31.12
185507.56 546740.34 28.00
185507.56 546650.34 28.42
185507.56 546560.34 33.14
185507.56 546470.34 35.78
185507.56 546380.34 32.42
185507.56 546290.34 32.11
185507.56 546200.34 42.39
185507.56 546110.34 47.67
185507.56 546020.34 37.62
185507.56 545930.34 28.55
185507.56 545840.34 26.79
185507.56 545750.34 25.91
185507.56 545660.34 32.25
185507.56 545570.34 32.78
185507.56 545480.34 29.83
185507.56 545390.34 30.12
185507.56 545300.34 34.28
185507.56 545210.34 37.96
185507.56 545120.34 42.71
185507.56 545030.34 53.42
185507.56 544940.34 79.45
185507.56 544850.34 86.34
185507.56 544760.34 84.56
185507.56 544670.34 88.24
185507.56 544580.34 91.03
185507.56 544490.34 78.10
185597.56 549170.34 15.10
185597.56 549080.34 15.16
185597.56 548990.34 14.97
185597.56 548900.34 14.41
185597.56 548810.34 14.14
185597.56 548720.34 13.52
185597.56 548630.34 13.13
185597.56 548540.34 13.10
185597.56 548450.34 11.91
185597.56 548360.34 11.26
185597.56 548270.34 11.65
185597.56 548180.34 11.09
185597.56 548090.34 10.45
185597.56 548000.34 10.30
185597.56 547910.34 9.77
185597.56 547820.34 9.57
185597.56 547730.34 10.06
185597.56 547640.34 10.96
185597.56 547550.34 12.01
185597.56 547460.34 12.93
185597.56 547370.34 13.52
185597.56 547280.34 14.04
185597.56 547190.34 14.17
185597.56 547100.34 15.68
185597.56 547010.34 17.92
185597.56 546920.34 21.69
185597.56 546830.34 23.25
185597.56 546740.34 22.73
185597.56 546650.34 23.91
185597.56 546560.34 27.83
185597.56 546470.34 32.17
185597.56 546380.34 28.67
185597.56 546290.34 25.89
185597.56 546200.34 32.88
185597.56 546110.34 40.38
185597.56 546020.34 35.13
185597.56 545930.34 27.03
185597.56 545840.34 25.14
185597.56 545750.34 24.57
185597.56 545660.34 25.23
185597.56 545570.34 26.08
185597.56 545480.34 27.80
185597.56 545390.34 29.26
185597.56 545300.34 33.66
185597.56 545210.34 45.04
185597.56 545120.34 56.34
185597.56 545030.34 70.34
185597.56 544940.34 88.37
185597.56 544850.34 79.09
185597.56 544760.34 67.90
185597.56 544670.34 81.98
185597.56 544580.34 92.38
185597.56 544490.34 86.73
185687.56 548990.34 16.15
185687.56 548900.34 16.15
185687.56 548810.34 15.51
185687.56 548720.34 15.34
185687.56 548630.34 15.29
185687.56 548540.34 14.81
185687.56 548450.34 14.22
185687.56 548360.34 13.10
185687.56 548270.34 11.86
185687.56 548180.34 11.11
185687.56 548090.34 10.61
185687.56 548000.34 10.70
185687.56 547910.34 10.69
185687.56 547820.34 9.76
185687.56 547730.34 9.45
185687.56 547640.34 10.04
185687.56 547550.34 10.91
185687.56 547460.34 11.87
185687.56 547370.34 12.58
185687.56 547280.34 12.94
185687.56 547190.34 13.48
185687.56 547100.34 14.39
185687.56 547010.34 16.23
185687.56 546920.34 18.51
185687.56 546830.34 19.12
185687.56 546740.34 20.27
185687.56 546650.34 21.17
185687.56 546560.34 22.56
185687.56 546470.34 23.33
185687.56 546380.34 21.59
185687.56 546290.34 21.83
185687.56 546200.34 24.80
185687.56 546110.34 28.03
185687.56 546020.34 29.42
185687.56 545930.34 26.69
185687.56 545840.34 23.72
185687.56 545750.34 22.50
185687.56 545660.34 23.71
185687.56 545570.34 24.68
185687.56 545480.34 25.39
185687.56 545390.34 29.12
185687.56 545300.34 36.18
185687.56 545210.34 49.47
185687.56 545120.34 72.17
185687.56 545030.34 91.50
185687.56 544940.34 92.94
185687.56 544850.34 75.22
185687.56 544760.34 59.96
185687.56 544670.34 70.35
185687.56 544580.34 82.78
185777.56 548810.34 20.29
185777.56 548720.34 20.61
185777.56 548630.34 19.81
185777.56 548540.34 18.14
185777.56 548450.34 16.80
185777.56 548360.34 15.48
185777.56 548270.34 14.47
185777.56 548180.34 15.27
185777.56 548090.34 14.73
185777.56 548000.34 12.76
185777.56 547910.34 11.41
185777.56 547820.34 9.84
185777.56 547730.34 9.00
185777.56 547640.34 9.28
185777.56 547550.34 9.79
185777.56 547460.34 10.38
185777.56 547370.34 10.99
185777.56 547280.34 11.19
185777.56 547190.34 11.43
185777.56 547100.34 12.79
185777.56 547010.34 13.66
185777.56 546920.34 14.09
185777.56 546830.34 14.39
185777.56 546740.34 15.20
185777.56 546650.34 15.78
185777.56 546560.34 16.03
185777.56 546470.34 16.31
185777.56 546380.34 17.34
185777.56 546290.34 18.62
185777.56 546200.34 20.66
185777.56 546110.34 23.60
185777.56 546020.34 31.09
185777.56 545930.34 31.32
185777.56 545840.34 25.38
185777.56 545750.34 23.30
185777.56 545660.34 23.33
185777.56 545570.34 24.12
185777.56 545480.34 26.10
185777.56 545390.34 40.05
185777.56 545300.34 49.44
185777.56 545210.34 55.38
185777.56 545120.34 69.95
185777.56 545030.34 75.51
185777.56 544940.34 62.75
185777.56 544850.34 48.02
185777.56 544760.34 44.13
185777.56 544670.34 45.72
185777.56 544580.34 50.50
185867.56 548630.34 25.29
185867.56 548540.34 21.42
185867.56 548450.34 18.71
185867.56 548360.34 17.74
185867.56 548270.34 17.11
185867.56 548180.34 17.53
185867.56 548090.34 16.90
185867.56 548000.34 14.42
185867.56 547910.34 12.39
185867.56 547820.34 10.16
185867.56 547730.34 8.89
185867.56 547640.34 8.69
185867.56 547550.34 9.47
185867.56 547460.34 10.13
185867.56 547370.34 9.92
185867.56 547280.34 10.08
185867.56 547190.34 10.71
185867.56 547100.34 12.04
185867.56 547010.34 12.79
185867.56 546920.34 12.69
185867.56 546830.34 13.05
185867.56 546740.34 13.53
185867.56 546650.34 13.93
185867.56 546560.34 14.40
185867.56 546470.34 14.78
185867.56 546380.34 15.84
185867.56 546290.34 17.02
185867.56 546200.34 19.44
185867.56 546110.34 22.69
185867.56 546020.34 26.79
185867.56 545930.34 28.79
185867.56 545840.34 25.84
185867.56 545750.34 22.76
185867.56 545660.34 22.64
185867.56 545570.34 23.59
185867.56 545480.34 25.52
185867.56 545390.34 34.57
185867.56 545300.34 49.65
185867.56 545210.34 60.89
185867.56 545120.34 59.27
185867.56 545030.34 54.17
185867.56 544940.34 42.78
185867.56 544850.34 34.18
185867.56 544760.34 33.67
185867.56 544670.34 34.75
185957.56 548450.34 23.53
185957.56 548360.34 20.40
185957.56 548270.34 19.90
185957.56 548180.34 21.24
185957.56 548090.34 20.98
185957.56 548000.34 18.72
185957.56 547910.34 15.74
185957.56 547820.34 11.19
185957.56 547730.34 8.89
185957.56 547640.34 8.96
185957.56 547550.34 9.37
185957.56 547460.34 9.67
185957.56 547370.34 9.70
185957.56 547280.34 9.60
185957.56 547190.34 9.98
185957.56 547100.34 11.15
185957.56 547010.34 11.87
185957.56 546920.34 12.12
185957.56 546830.34 12.71
185957.56 546740.34 13.19
185957.56 546650.34 13.54
185957.56 546560.34 14.23
185957.56 546470.34 14.74
185957.56 546380.34 16.04
185957.56 546290.34 17.94
185957.56 546200.34 19.72
185957.56 546110.34 22.74
185957.56 546020.34 27.97
185957.56 545930.34 31.54
185957.56 545840.34 29.01
185957.56 545750.34 25.11
185957.56 545660.34 22.97
185957.56 545570.34 22.58
185957.56 545480.34 24.30
185957.56 545390.34 35.08
185957.56 545300.34 47.61
185957.56 545210.34 52.38
185957.56 545120.34 48.85
185957.56 545030.34 39.04
185957.56 544940.34 31.65
185957.56 544850.34 28.43
185957.56 544760.34 27.56
185957.56 544670.34 27.89
186047.56 548270.34 24.97
186047.56 548180.34 25.95
186047.56 548090.34 26.45
186047.56 548000.34 24.01
186047.56 547910.34 20.20
186047.56 547820.34 13.17
186047.56 547730.34 9.05
186047.56 547640.34 8.99
186047.56 547550.34 9.37
186047.56 547460.34 9.51
186047.56 547370.34 9.47
186047.56 547280.34 9.44
186047.56 547190.34 9.73
186047.56 547100.34 10.51
186047.56 547010.34 11.39
186047.56 546920.34 12.24
186047.56 546830.34 13.14
186047.56 546740.34 13.95
186047.56 546650.34 14.98
186047.56 546560.34 15.49
186047.56 546470.34 15.65
186047.56 546380.34 17.19
186047.56 546290.34 20.03
186047.56 546200.34 22.92
186047.56 546110.34 27.29
186047.56 546020.34 30.79
186047.56 545930.34 31.66
186047.56 545840.34 29.58
186047.56 545750.34 26.29
186047.56 545660.34 22.67
186047.56 545570.34 20.65
186047.56 545480.34 21.53
186047.56 545390.34 27.52
186047.56 545300.34 34.29
186047.56 545210.34 36.34
186047.56 545120.34 40.74
186047.56 545030.34 36.99
186047.56 544940.34 27.91
186047.56 544850.34 23.71
186047.56 544760.34 22.92
186137.56 548090.34 30.63
186137.56 548000.34 29.73
186137.56 547910.34 23.77
186137.56 547820.34 14.33
186137.56 547730.34 9.18
186137.56 547640.34 8.83
186137.56 547550.34 9.23
186137.56 547460.34 9.79
186137.56 547370.34 9.56
186137.56 547280.34 9.34
186137.56 547190.34 9.96
186137.56 547100.34 11.24
186137.56 547010.34 12.49
186137.56 546920.34 13.09
186137.56 546830.34 14.72
186137.56 546740.34 17.51
186137.56 546650.34 18.28
186137.56 546560.34 17.60
186137.56 546470.34 17.27
186137.56 546380.34 20.20
186137.56 546290.34 22.20
186137.56 546200.34 26.96
186137.56 546110.34 35.28
186137.56 546020.34 33.67
186137.56 545930.34 28.89
186137.56 545840.34 26.95
186137.56 545750.34 25.44
186137.56 545660.34 22.09
186137.56 545570.34 20.13
186137.56 545480.34 19.37
186137.56 545390.34 18.07
186137.56 545300.34 19.97
186137.56 545210.34 29.13
186137.56 545120.34 32.59
186137.56 545030.34 26.31
186137.56 544940.34 21.27
186137.56 544850.34 20.05
186137.56 544760.34 19.92
186227.56 548000.34 29.73
186227.56 547910.34 25.06
186227.56 547820.34 14.44
186227.56 547730.34 9.11
186227.56 547640.34 8.77
186227.56 547550.34 9.20
186227.56 547460.34 9.27
186227.56 547370.34 9.17
186227.56 547280.34 9.33
186227.56 547190.34 10.53
186227.56 547100.34 12.07
186227.56 547010.34 15.45
186227.56 546920.34 15.60
186227.56 546830.34 17.82
186227.56 546740.34 21.97
186227.56 546650.34 23.96
186227.56 546560.34 23.03
186227.56 546470.34 20.46
186227.56 546380.34 26.83
186227.56 546290.34 30.58
186227.56 546200.34 32.86
186227.56 546110.34 40.01
186227.56 546020.34 40.01
186227.56 545930.34 31.52
186227.56 545840.34 27.89
186227.56 545750.34 28.06
186227.56 545660.34 24.07
186227.56 545570.34 21.39
186227.56 545480.34 20.92
186227.56 545390.34 20.22
186227.56 545300.34 18.37
186227.56 545210.34 18.31
186227.56 545120.34 18.82
186227.56 545030.34 18.92
186227.56 544940.34 18.21
186227.56 544850.34 17.65
186317.56 548000.34 24.84
186317.56 547910.34 22.98
186317.56 547820.34 13.88
186317.56 547730.34 8.89
186317.56 547640.34 8.80
186317.56 547550.34 9.33
186317.56 547460.34 9.18
186317.56 547370.34 9.16
186317.56 547280.34 9.68
186317.56 547190.34 10.63
186317.56 547100.34 12.77
186317.56 547010.34 14.72
186317.56 546920.34 16.07
186317.56 546830.34 18.62
186317.56 546740.34 22.83
186317.56 546650.34 25.60
186317.56 546560.34 26.61
186317.56 546470.34 24.46
186317.56 546380.34 28.49
186317.56 546290.34 39.52
186317.56 546200.34 46.80
186317.56 546110.34 42.54
186317.56 546020.34 34.93
186317.56 545930.34 33.38
186317.56 545840.34 36.49
186317.56 545750.34 31.76
186317.56 545660.34 25.75
186317.56 545570.34 25.91
186317.56 545480.34 25.92
186317.56 545390.34 21.18
186317.56 545300.34 17.60
186317.56 545210.34 16.67
186317.56 545120.34 15.95
186317.56 545030.34 15.84
186317.56 544940.34 15.97
186317.56 544850.34 16.17
186407.56 548000.34 17.70
186407.56 547910.34 17.89
186407.56 547820.34 12.19
186407.56 547730.34 8.72
186407.56 547640.34 8.85
186407.56 547550.34 9.37
186407.56 547460.34 9.17
186407.56 547370.34 9.56
186407.56 547280.34 10.78
186407.56 547190.34 12.62
186407.56 547100.34 14.56
186407.56 547010.34 15.84
186407.56 546920.34 18.62
186407.56 546830.34 20.99
186407.56 546740.34 23.25
186407.56 546650.34 27.61
186407.56 546560.34 30.93
186407.56 546470.34 30.73
186407.56 546380.34 34.20
186407.56 546290.34 44.36
186407.56 546200.34 50.38
186407.56 546110.34 45.83
186407.56 546020.34 41.01
186407.56 545930.34 40.58
186407.56 545840.34 35.22
186407.56 545750.34 29.92
186407.56 545660.34 27.23
186407.56 545570.34 28.14
186407.56 545480.34 26.17
186407.56 545390.34 21.08
186407.56 545300.34 18.71
186407.56 545210.34 17.50
186407.56 545120.34 15.96
186407.56 545030.34 15.23
186407.56 544940.34 15.00
186497.56 548000.34 12.72
186497.56 547910.34 12.15
186497.56 547820.34 10.00
186497.56 547730.34 8.77
186497.56 547640.34 8.01
186497.56 547550.34 9.61
186497.56 547460.34 14.24
186497.56 547370.34 22.39
186497.56 547280.34 27.06
186497.56 547190.34 27.60
186497.56 547100.34 22.78
186497.56 547010.34 24.83
186497.56 546920.34 30.32
186497.56 546830.34 35.45
186497.56 546740.34 35.96
186497.56 546650.34 33.65
186497.56 546560.34 34.93
186497.56 546470.34 41.58
186497.56 546380.34 42.13
186497.56 546290.34 48.58
186497.56 546200.34 57.16
186497.56 546110.34 67.16
186497.56 546020.34 60.39
186497.56 545930.34 50.49
186497.56 545840.34 46.24
186497.56 545750.34 39.35
186497.56 545660.34 37.17
186497.56 545570.34 43.96
186497.56 545480.34 45.09
186497.56 545390.34 40.37
186497.56 545300.34 39.91
186497.56 545210.34 38.51
186497.56 545120.34 33.96
186497.56 545030.34 28.09
186497.56 544940.34 19.97
186587.56 548000.34 12.42
186587.56 547910.34 10.99
186587.56 547820.34 9.56
186587.56 547730.34 9.10
186587.56 547640.34 9.75
186587.56 547550.34 13.93
186587.56 547460.34 21.19
186587.56 547370.34 26.91
186587.56 547280.34 31.85
186587.56 547190.34 33.50
186587.56 547100.34 25.76
186587.56 547010.34 27.90
186587.56 546920.34 37.00
186587.56 546830.34 43.99
186587.56 546740.34 47.83
186587.56 546650.34 48.00
186587.56 546560.34 45.26
186587.56 546470.34 42.13
186587.56 546380.34 34.16
186587.56 546290.34 31.82
186587.56 546200.34 45.36
186587.56 546110.34 68.28
186587.56 546020.34 69.48
186587.56 545930.34 64.67
186587.56 545840.34 58.28
186587.56 545750.34 48.66
186587.56 545660.34 50.44
186587.56 545570.34 54.79
186587.56 545480.34 51.50
186587.56 545390.34 48.07
186587.56 545300.34 48.97
186587.56 545210.34 48.65
186587.56 545120.34 46.47
186587.56 545030.34 36.12
186677.56 548090.34 25.73
186677.56 548000.34 20.53
186677.56 547910.34 13.77
186677.56 547820.34 9.36
186677.56 547730.34 8.88
186677.56 547640.34 10.67
186677.56 547550.34 15.32
186677.56 547460.34 22.10
186677.56 547370.34 28.25
186677.56 547280.34 33.22
186677.56 547190.34 34.19
186677.56 547100.34 25.59
186677.56 547010.34 25.72
186677.56 546920.34 34.27
186677.56 546830.34 40.09
186677.56 546740.34 42.30
186677.56 546650.34 41.17
186677.56 546560.34 33.54
186677.56 546470.34 27.85
186677.56 546380.34 24.04
186677.56 546290.34 26.16
186677.56 546200.34 39.75
186677.56 546110.34 58.80
186677.56 546020.34 55.12
186677.56 545930.34 46.60
186677.56 545840.34 40.98
186677.56 545750.34 36.90
186677.56 545660.34 51.10
186677.56 545570.34 50.50
186677.56 545480.34 37.70
186677.56 545390.34 36.43
186677.56 545300.34 49.15
186677.56 545210.34 48.48
186677.56 545120.34 36.80
186677.56 545030.34 29.70
186767.56 548090.34 20.97
186767.56 548000.34 16.70
186767.56 547910.34 12.00
186767.56 547820.34 9.33
186767.56 547730.34 8.87
186767.56 547640.34 10.49
186767.56 547550.34 14.30
186767.56 547460.34 20.32
186767.56 547370.34 26.35
186767.56 547280.34 31.42
186767.56 547190.34 30.84
186767.56 547100.34 23.30
186767.56 547010.34 19.83
186767.56 546920.34 24.50
186767.56 546830.34 28.20
186767.56 546740.34 27.54
186767.56 546650.34 27.65
186767.56 546560.34 24.37
186767.56 546470.34 20.26
186767.56 546380.34 19.41
186767.56 546290.34 23.13
186767.56 546200.34 35.30
186767.56 546110.34 50.07
186767.56 546020.34 44.00
186767.56 545930.34 33.11
186767.56 545840.34 31.41
186767.56 545750.34 33.15
186767.56 545660.34 39.59
186767.56 545570.34 37.11
186767.56 545480.34 31.31
186767.56 545390.34 31.52
186767.56 545300.34 44.35
186767.56 545210.34 42.15
186767.56 545120.34 31.97
186857.56 548090.34 15.43
186857.56 548000.34 12.74
186857.56 547910.34 10.47
186857.56 547820.34 8.86
186857.56 547730.34 8.83
186857.56 547640.34 10.66
186857.56 547550.34 15.43
186857.56 547460.34 21.74
186857.56 547370.34 29.06
186857.56 547280.34 34.69
186857.56 547190.34 33.44
186857.56 547100.34 23.32
186857.56 547010.34 17.08
186857.56 546920.34 17.57
186857.56 546830.34 19.21
186857.56 546740.34 19.97
186857.56 546650.34 20.55
186857.56 546560.34 18.53
186857.56 546470.34 16.45
186857.56 546380.34 20.75
186857.56 546290.34 28.87
186857.56 546200.34 44.98
186857.56 546110.34 52.28
186857.56 546020.34 44.10
186857.56 545930.34 32.56
186857.56 545840.34 28.92
186857.56 545750.34 31.09
186857.56 545660.34 36.57
186857.56 545570.34 34.84
186857.56 545480.34 27.89
186857.56 545390.34 25.98
186857.56 545300.34 36.63
186857.56 545210.34 37.79
186857.56 545120.34 33.02
186947.56 548090.34 16.49
186947.56 548000.34 13.06
186947.56 547910.34 10.28
186947.56 547820.34 8.78
186947.56 547730.34 9.01
186947.56 547640.34 10.98
186947.56 547550.34 16.41
186947.56 547460.34 21.76
186947.56 547370.34 26.25
186947.56 547280.34 30.95
186947.56 547190.34 30.06
186947.56 547100.34 21.99
186947.56 547010.34 16.18
186947.56 546920.34 14.89
186947.56 546830.34 14.80
186947.56 546740.34 15.21
186947.56 546650.34 16.27
186947.56 546560.34 15.73
186947.56 546470.34 14.42
186947.56 546380.34 19.05
186947.56 546290.34 33.34
186947.56 546200.34 40.57
186947.56 546110.34 36.27
186947.56 546020.34 28.91
186947.56 545930.34 24.62
186947.56 545840.34 27.66
186947.56 545750.34 32.70
186947.56 545660.34 33.29
186947.56 545570.34 30.29
186947.56 545480.34 25.76
186947.56 545390.34 22.49
186947.56 545300.34 26.01
186947.56 545210.34 31.06
187037.56 548090.34 23.45
187037.56 548000.34 15.66
187037.56 547910.34 10.65
187037.56 547820.34 8.78
187037.56 547730.34 9.00
187037.56 547640.34 9.56
187037.56 547550.34 10.57
187037.56 547460.34 13.09
187037.56 547370.34 18.02
187037.56 547280.34 25.79
187037.56 547190.34 25.03
187037.56 547100.34 19.05
187037.56 547010.34 16.19
187037.56 546920.34 14.20
187037.56 546830.34 12.86
187037.56 546740.34 12.97
187037.56 546650.34 13.43
187037.56 546560.34 13.22
187037.56 546470.34 13.14
187037.56 546380.34 18.21
187037.56 546290.34 25.14
187037.56 546200.34 26.50
187037.56 546110.34 24.56
187037.56 546020.34 22.19
187037.56 545930.34 21.10
187037.56 545840.34 24.60
187037.56 545750.34 29.20
187037.56 545660.34 34.19
187037.56 545570.34 33.77
187037.56 545480.34 28.91
187037.56 545390.34 23.21
187037.56 545300.34 21.46
187037.56 545210.34 27.99
187127.56 548090.34 17.57
187127.56 548000.34 12.99
187127.56 547910.34 10.43
187127.56 547820.34 8.94
187127.56 547730.34 8.88
187127.56 547640.34 9.11
187127.56 547550.34 10.05
187127.56 547460.34 15.43
187127.56 547370.34 21.68
187127.56 547280.34 26.86
187127.56 547190.34 27.69
187127.56 547100.34 18.64
187127.56 547010.34 14.02
187127.56 546920.34 12.95
187127.56 546830.34 10.85
187127.56 546740.34 10.43
187127.56 546650.34 10.47
187127.56 546560.34 11.70
187127.56 546470.34 12.68
187127.56 546380.34 16.41
187127.56 546290.34 21.75
187127.56 546200.34 21.91
187127.56 546110.34 20.03
187127.56 546020.34 18.82
187127.56 545930.34 21.53
187127.56 545840.34 24.95
187127.56 545750.34 27.98
187127.56 545660.34 43.66
187127.56 545570.34 50.21
187127.56 545480.34 43.77
187127.56 545390.34 30.55
187127.56 545300.34 19.88
187127.56 545210.34 20.03
187127.56 545120.34 23.66
187217.56 548180.34 26.39
187217.56 548090.34 20.93
187217.56 548000.34 15.31
187217.56 547910.34 11.61
187217.56 547820.34 9.32
187217.56 547730.34 8.64
187217.56 547640.34 8.58
187217.56 547550.34 8.56
187217.56 547460.34 9.84
187217.56 547370.34 11.75
187217.56 547280.34 19.28
187217.56 547190.34 23.83
187217.56 547100.34 16.24
187217.56 547010.34 10.77
187217.56 546920.34 9.89
187217.56 546830.34 8.75
187217.56 546740.34 8.27
187217.56 546650.34 8.68
187217.56 546560.34 9.76
187217.56 546470.34 11.10
187217.56 546380.34 16.08
187217.56 546290.34 19.07
187217.56 546200.34 17.35
187217.56 546110.34 15.34
187217.56 546020.34 16.06
187217.56 545930.34 19.41
187217.56 545840.34 35.44
187217.56 545750.34 45.95
187217.56 545660.34 47.12
187217.56 545570.34 52.25
187217.56 545480.34 48.84
187217.56 545390.34 35.52
187217.56 545300.34 21.43
187217.56 545210.34 15.83
187217.56 545120.34 15.52
187307.56 548180.34 22.38
187307.56 548090.34 19.80
187307.56 548000.34 14.47
187307.56 547910.34 10.89
187307.56 547820.34 9.13
187307.56 547730.34 8.59
187307.56 547640.34 8.62
187307.56 547550.34 8.49
187307.56 547460.34 8.89
187307.56 547370.34 10.81
187307.56 547280.34 15.22
187307.56 547190.34 19.70
187307.56 547100.34 14.90
187307.56 547010.34 9.99
187307.56 546920.34 9.29
187307.56 546830.34 8.27
187307.56 546740.34 7.82
187307.56 546650.34 8.79
187307.56 546560.34 10.07
187307.56 546470.34 11.12
187307.56 546380.34 12.68
187307.56 546290.34 14.24
187307.56 546200.34 14.79
187307.56 546110.34 14.52
187307.56 546020.34 14.82
187307.56 545930.34 15.71
187307.56 545840.34 21.34
187307.56 545750.34 24.93
187307.56 545660.34 29.68
187307.56 545570.34 34.86
187307.56 545480.34 32.36
187307.56 545390.34 23.57
187307.56 545300.34 17.02
187307.56 545210.34 15.19
187307.56 545120.34 14.21
187307.56 545030.34 20.96
187397.56 548180.34 15.64
187397.56 548090.34 15.55
187397.56 548000.34 13.38
187397.56 547910.34 10.92
187397.56 547820.34 9.16
187397.56 547730.34 8.55
187397.56 547640.34 8.47
187397.56 547550.34 8.41
187397.56 547460.34 8.50
187397.56 547370.34 9.24
187397.56 547280.34 11.58
187397.56 547190.34 14.92
187397.56 547100.34 13.04
187397.56 547010.34 9.75
187397.56 546920.34 8.70
187397.56 546830.34 7.85
187397.56 546740.34 7.87
187397.56 546650.34 8.95
187397.56 546560.34 10.19
187397.56 546470.34 11.04
187397.56 546380.34 11.96
187397.56 546290.34 12.68
187397.56 546200.34 13.32
187397.56 546110.34 12.65
187397.56 546020.34 13.09
187397.56 545930.34 14.42
187397.56 545840.34 15.90
187397.56 545750.34 17.51
187397.56 545660.34 20.71
187397.56 545570.34 23.87
187397.56 545480.34 22.11
187397.56 545390.34 18.43
187397.56 545300.34 16.01
187397.56 545210.34 13.71
187397.56 545120.34 13.02
187397.56 545030.34 19.01
187487.56 548540.34 19.24
187487.56 548450.34 14.40
187487.56 548360.34 12.69
187487.56 548270.34 11.70
187487.56 548180.34 11.49
187487.56 548090.34 11.80
187487.56 548000.34 11.08
187487.56 547910.34 9.85
187487.56 547820.34 8.82
187487.56 547730.34 8.43
187487.56 547640.34 8.37
187487.56 547550.34 8.27
187487.56 547460.34 8.25
187487.56 547370.34 8.53
187487.56 547280.34 9.21
187487.56 547190.34 10.25
187487.56 547100.34 10.94
187487.56 547010.34 9.60
187487.56 546920.34 8.68
187487.56 546830.34 8.45
187487.56 546740.34 8.36
187487.56 546650.34 9.26
187487.56 546560.34 10.19
187487.56 546470.34 10.54
187487.56 546380.34 11.09
187487.56 546290.34 10.50
187487.56 546200.34 10.22
187487.56 546110.34 11.08
187487.56 546020.34 11.65
187487.56 545930.34 12.74
187487.56 545840.34 14.60
187487.56 545750.34 15.46
187487.56 545660.34 17.34
187487.56 545570.34 19.04
187487.56 545480.34 17.69
187487.56 545390.34 16.07
187487.56 545300.34 14.23
187487.56 545210.34 12.75
187487.56 545120.34 12.83
187487.56 545030.34 17.25
187577.56 550340.34 21.03
187577.56 550250.34 29.19
187577.56 550160.34 32.10
187577.56 550070.34 26.11
187577.56 549980.34 26.61
187577.56 549890.34 29.00
187577.56 549800.34 25.16
187577.56 549710.34 23.21
187577.56 549620.34 25.12
187577.56 549530.34 27.74
187577.56 549440.34 29.99
187577.56 549350.34 32.00
187577.56 549260.34 49.67
187577.56 549170.34 65.71
187577.56 549080.34 61.96
187577.56 548990.34 65.13
187577.56 548900.34 70.86
187577.56 548810.34 64.54
187577.56 548720.34 50.37
187577.56 548630.34 37.84
187577.56 548540.34 23.23
187577.56 548450.34 17.07
187577.56 548360.34 15.41
187577.56 548270.34 12.13
187577.56 548180.34 10.17
187577.56 548090.34 9.65
187577.56 548000.34 9.14
187577.56 547910.34 8.63
187577.56 547820.34 8.43
187577.56 547730.34 8.20
187577.56 547640.34 8.21
187577.56 547550.34 8.30
187577.56 547460.34 8.10
187577.56 547370.34 8.30
187577.56 547280.34 8.43
187577.56 547190.34 10.45
187577.56 547100.34 12.88
187577.56 547010.34 10.58
187577.56 546920.34 8.72
187577.56 546830.34 8.49
187577.56 546740.34 8.45
187577.56 546650.34 9.05
187577.56 546560.34 9.49
187577.56 546470.34 9.86
187577.56 546380.34 9.88
187577.56 546290.34 9.66
187577.56 546200.34 9.78
187577.56 546110.34 10.56
187577.56 546020.34 11.20
187577.56 545930.34 11.41
187577.56 545840.34 12.39
187577.56 545750.34 13.91
187577.56 545660.34 16.15
187577.56 545570.34 15.90
187577.56 545480.34 14.87
187577.56 545390.34 14.73
187577.56 545300.34 13.35
187577.56 545210.34 12.50
187577.56 545120.34 12.47
187577.56 545030.34 16.01
187577.56 544940.34 16.91
187667.56 550430.34 15.54
187667.56 550340.34 24.75
187667.56 550250.34 32.25
187667.56 550160.34 30.41
187667.56 550070.34 24.14
187667.56 549980.34 23.50
187667.56 549890.34 21.75
187667.56 549800.34 19.64
187667.56 549710.34 20.92
187667.56 549620.34 22.99
187667.56 549530.34 25.96
187667.56 549440.34 27.38
187667.56 549350.34 29.16
187667.56 549260.34 37.19
187667.56 549170.34 50.39
187667.56 549080.34 64.19
187667.56 548990.34 71.44
187667.56 548900.34 80.16
187667.56 548810.34 82.83
187667.56 548720.34 66.05
187667.56 548630.34 46.67
187667.56 548540.34 29.81
187667.56 548450.34 23.23
187667.56 548360.34 22.13
187667.56 548270.34 16.39
187667.56 548180.34 11.32
187667.56 548090.34 9.52
187667.56 548000.34 8.67
187667.56 547910.34 8.41
187667.56 547820.34 8.44
187667.56 547730.34 8.17
187667.56 547640.34 8.10
187667.56 547550.34 8.27
187667.56 547460.34 8.00
187667.56 547370.34 8.16
187667.56 547280.34 8.22
187667.56 547190.34 10.82
187667.56 547100.34 15.52
187667.56 547010.34 12.07
187667.56 546920.34 8.40
187667.56 546830.34 8.49
187667.56 546740.34 8.78
187667.56 546650.34 8.97
187667.56 546560.34 8.97
187667.56 546470.34 9.14
187667.56 546380.34 9.06
187667.56 546290.34 8.97
187667.56 546200.34 9.02
187667.56 546110.34 9.98
187667.56 546020.34 10.82
187667.56 545930.34 10.99
187667.56 545840.34 11.45
187667.56 545750.34 12.78
187667.56 545660.34 15.08
187667.56 545570.34 14.89
187667.56 545480.34 13.54
187667.56 545390.34 13.45
187667.56 545300.34 12.80
187667.56 545210.34 12.39
187667.56 545120.34 12.41
187667.56 545030.34 15.50
187667.56 544940.34 17.54
187757.56 550520.34 14.51
187757.56 550430.34 18.59
187757.56 550340.34 20.36
187757.56 550250.34 23.15
187757.56 550160.34 23.52
187757.56 550070.34 19.41
187757.56 549980.34 17.57
187757.56 549890.34 17.53
187757.56 549800.34 18.20
187757.56 549710.34 20.01
187757.56 549620.34 21.46
187757.56 549530.34 24.27
187757.56 549440.34 26.75
187757.56 549350.34 27.49
187757.56 549260.34 28.53
187757.56 549170.34 36.63
187757.56 549080.34 46.38
187757.56 548990.34 54.33
187757.56 548900.34 57.43
187757.56 548810.34 60.72
187757.56 548720.34 54.75
187757.56 548630.34 42.28
187757.56 548540.34 32.06
187757.56 548450.34 27.55
187757.56 548360.34 24.70
187757.56 548270.34 18.51
187757.56 548180.34 12.79
187757.56 548090.34 10.22
187757.56 548000.34 8.86
187757.56 547910.34 8.56
187757.56 547820.34 8.66
187757.56 547730.34 8.10
187757.56 547640.34 7.77
187757.56 547550.34 7.82
187757.56 547460.34 8.13
187757.56 547370.34 8.27
187757.56 547280.34 8.02
187757.56 547190.34 9.90
187757.56 547100.34 10.49
187757.56 547010.34 9.09
187757.56 546920.34 8.41
187757.56 546830.34 8.46
187757.56 546740.34 8.56
187757.56 546650.34 8.75
187757.56 546560.34 8.93
187757.56 546470.34 8.94
187757.56 546380.34 9.11
187757.56 546290.34 9.23
187757.56 546200.34 9.14
187757.56 546110.34 9.78
187757.56 546020.34 10.43
187757.56 545930.34 10.83
187757.56 545840.34 11.06
187757.56 545750.34 11.74
187757.56 545660.34 16.95
187757.56 545570.34 16.26
187757.56 545480.34 13.20
187757.56 545390.34 12.45
187757.56 545300.34 11.73
187757.56 545210.34 13.17
187757.56 545120.34 13.86
187757.56 545030.34 15.76
187757.56 544940.34 18.39
187757.56 544850.34 17.33
187847.56 550610.34 9.21
187847.56 550520.34 11.11
187847.56 550430.34 13.13
187847.56 550340.34 14.75
187847.56 550250.34 18.06
187847.56 550160.34 17.47
187847.56 550070.34 14.91
187847.56 549980.34 14.74
187847.56 549890.34 15.53
187847.56 549800.34 16.77
187847.56 549710.34 18.15
187847.56 549620.34 19.84
187847.56 549530.34 25.58
187847.56 549440.34 33.22
187847.56 549350.34 31.78
187847.56 549260.34 26.21
187847.56 549170.34 27.78
187847.56 549080.34 34.14
187847.56 548990.34 39.55
187847.56 548900.34 41.21
187847.56 548810.34 38.94
187847.56 548720.34 32.28
187847.56 548630.34 25.10
187847.56 548540.34 22.80
187847.56 548450.34 22.21
187847.56 548360.34 19.57
187847.56 548270.34 15.13
187847.56 548180.34 11.27
187847.56 548090.34 9.62
187847.56 548000.34 8.83
187847.56 547910.34 8.44
187847.56 547820.34 8.49
187847.56 547730.34 8.05
187847.56 547640.34 7.96
187847.56 547550.34 8.04
187847.56 547460.34 8.32
187847.56 547370.34 8.30
187847.56 547280.34 8.09
187847.56 547190.34 8.51
187847.56 547100.34 8.51
187847.56 547010.34 8.29
187847.56 546920.34 8.29
187847.56 546830.34 8.57
187847.56 546740.34 8.64
187847.56 546650.34 8.66
187847.56 546560.34 8.89
187847.56 546470.34 8.96
187847.56 546380.34 9.00
187847.56 546290.34 8.99
187847.56 546200.34 8.84
187847.56 546110.34 9.53
187847.56 546020.34 10.34
187847.56 545930.34 10.56
187847.56 545840.34 10.48
187847.56 545750.34 15.95
187847.56 545660.34 20.42
187847.56 545570.34 20.45
187847.56 545480.34 20.37
187847.56 545390.34 15.35
187847.56 545300.34 11.83
187847.56 545210.34 16.18
187847.56 545120.34 20.65
187847.56 545030.34 21.25
187847.56 544940.34 20.10
187847.56 544850.34 16.98
187937.56 550610.34 9.22
187937.56 550520.34 9.25
187937.56 550430.34 9.69
187937.56 550340.34 10.21
187937.56 550250.34 12.25
187937.56 550160.34 13.16
187937.56 550070.34 12.74
187937.56 549980.34 13.15
187937.56 549890.34 14.21
187937.56 549800.34 15.53
187937.56 549710.34 17.37
187937.56 549620.34 21.78
187937.56 549530.34 27.95
187937.56 549440.34 32.68
187937.56 549350.34 30.63
187937.56 549260.34 22.51
187937.56 549170.34 19.08
187937.56 549080.34 19.96
187937.56 548990.34 20.70
187937.56 548900.34 21.17
187937.56 548810.34 20.00
187937.56 548720.34 18.21
187937.56 548630.34 16.19
187937.56 548540.34 18.05
187937.56 548450.34 26.95
187937.56 548360.34 27.72
187937.56 548270.34 18.06
187937.56 548180.34 11.81
187937.56 548090.34 10.38
187937.56 548000.34 9.86
187937.56 547910.34 9.36
187937.56 547820.34 9.01
187937.56 547730.34 8.84
187937.56 547640.34 8.33
187937.56 547550.34 9.04
187937.56 547460.34 8.77
187937.56 547370.34 8.16
187937.56 547280.34 8.22
187937.56 547190.34 8.28
187937.56 547100.34 8.24
187937.56 547010.34 8.66
187937.56 546920.34 8.97
187937.56 546830.34 8.79
187937.56 546740.34 8.72
187937.56 546650.34 8.75
187937.56 546560.34 8.92
187937.56 546470.34 8.96
187937.56 546380.34 8.99
187937.56 546290.34 8.91
187937.56 546200.34 8.75
187937.56 546110.34 9.06
187937.56 546020.34 9.44
187937.56 545930.34 9.62
187937.56 545840.34 9.45
187937.56 545750.34 9.89
187937.56 545660.34 13.46
187937.56 545570.34 14.73
187937.56 545480.34 13.33
187937.56 545390.34 13.91
187937.56 545300.34 17.07
187937.56 545210.34 18.54
187937.56 545120.34 21.49
187937.56 545030.34 28.47
187937.56 544940.34 24.45
187937.56 544850.34 17.56
187937.56 544760.34 14.27
188027.56 550610.34 9.30
188027.56 550520.34 9.22
188027.56 550430.34 9.28
188027.56 550340.34 9.69
188027.56 550250.34 10.66
188027.56 550160.34 12.20
188027.56 550070.34 12.25
188027.56 549980.34 12.86
188027.56 549890.34 15.10
188027.56 549800.34 17.72
188027.56 549710.34 20.59
188027.56 549620.34 25.18
188027.56 549530.34 29.53
188027.56 549440.34 34.16
188027.56 549350.34 34.72
188027.56 549260.34 26.05
188027.56 549170.34 18.13
188027.56 549080.34 15.47
188027.56 548990.34 15.07
188027.56 548900.34 15.00
188027.56 548810.34 14.78
188027.56 548720.34 13.84
188027.56 548630.34 12.49
188027.56 548540.34 16.03
188027.56 548450.34 24.84
188027.56 548360.34 23.57
188027.56 548270.34 18.55
188027.56 548180.34 17.68
188027.56 548090.34 17.00
188027.56 548000.34 15.46
188027.56 547910.34 14.09
188027.56 547820.34 11.07
188027.56 547730.34 9.19
188027.56 547640.34 8.93
188027.56 547550.34 8.79
188027.56 547460.34 8.41
188027.56 547370.34 8.41
188027.56 547280.34 8.52
188027.56 547190.34 9.13
188027.56 547100.34 8.65
188027.56 547010.34 8.34
188027.56 546920.34 8.71
188027.56 546830.34 8.67
188027.56 546740.34 8.82
188027.56 546650.34 8.88
188027.56 546560.34 8.84
188027.56 546470.34 8.87
188027.56 546380.34 8.69
188027.56 546290.34 8.68
188027.56 546200.34 8.83
188027.56 546110.34 8.93
188027.56 546020.34 9.08
188027.56 545930.34 9.24
188027.56 545840.34 9.25
188027.56 545750.34 9.16
188027.56 545660.34 12.62
188027.56 545570.34 13.51
188027.56 545480.34 14.43
188027.56 545390.34 18.65
188027.56 545300.34 22.75
188027.56 545210.34 24.36
188027.56 545120.34 23.16
188027.56 545030.34 28.49
188027.56 544940.34 28.04
188027.56 544850.34 21.35
188027.56 544760.34 16.52
188117.56 550610.34 11.57
188117.56 550520.34 11.34
188117.56 550430.34 11.68
188117.56 550340.34 11.68
188117.56 550250.34 11.45
188117.56 550160.34 13.30
188117.56 550070.34 13.90
188117.56 549980.34 13.88
188117.56 549890.34 16.40
188117.56 549800.34 20.13
188117.56 549710.34 26.63
188117.56 549620.34 32.11
188117.56 549530.34 34.52
188117.56 549440.34 38.06
188117.56 549350.34 42.17
188117.56 549260.34 33.77
188117.56 549170.34 23.49
188117.56 549080.34 17.30
188117.56 548990.34 14.05
188117.56 548900.34 13.26
188117.56 548810.34 12.30
188117.56 548720.34 11.53
188117.56 548630.34 10.92
188117.56 548540.34 11.11
188117.56 548450.34 13.26
188117.56 548360.34 20.42
188117.56 548270.34 24.40
188117.56 548180.34 23.08
188117.56 548090.34 21.26
188117.56 548000.34 18.49
188117.56 547910.34 14.71
188117.56 547820.34 10.91
188117.56 547730.34 9.15
188117.56 547640.34 8.84
188117.56 547550.34 8.56
188117.56 547460.34 8.31
188117.56 547370.34 8.35
188117.56 547280.34 8.44
188117.56 547190.34 9.09
188117.56 547100.34 8.73
188117.56 547010.34 8.35
188117.56 546920.34 8.91
188117.56 546830.34 8.84
188117.56 546740.34 9.15
188117.56 546650.34 9.00
188117.56 546560.34 8.72
188117.56 546470.34 9.04
188117.56 546380.34 8.93
188117.56 546290.34 8.79
188117.56 546200.34 8.94
188117.56 546110.34 8.94
188117.56 546020.34 9.03
188117.56 545930.34 9.13
188117.56 545840.34 9.16
188117.56 545750.34 9.12
188117.56 545660.34 10.56
188117.56 545570.34 12.69
188117.56 545480.34 17.95
188117.56 545390.34 22.04
188117.56 545300.34 25.14
188117.56 545210.34 36.41
188117.56 545120.34 34.43
188117.56 545030.34 32.68
188117.56 544940.34 35.13
188117.56 544850.34 30.84
188117.56 544760.34 24.47
188207.56 550610.34 15.67
188207.56 550520.34 15.59
188207.56 550430.34 17.65
188207.56 550340.34 18.85
188207.56 550250.34 17.60
188207.56 550160.34 15.88
188207.56 550070.34 15.76
188207.56 549980.34 16.06
188207.56 549890.34 17.56
188207.56 549800.34 20.47
188207.56 549710.34 24.89
188207.56 549620.34 28.42
188207.56 549530.34 32.81
188207.56 549440.34 34.61
188207.56 549350.34 43.91
188207.56 549260.34 42.14
188207.56 549170.34 31.91
188207.56 549080.34 24.22
188207.56 548990.34 20.58
188207.56 548900.34 17.04
188207.56 548810.34 12.89
188207.56 548720.34 10.71
188207.56 548630.34 10.07
188207.56 548540.34 10.37
188207.56 548450.34 13.98
188207.56 548360.34 22.91
188207.56 548270.34 28.32
188207.56 548180.34 24.21
188207.56 548090.34 16.58
188207.56 548000.34 11.96
188207.56 547910.34 10.58
188207.56 547820.34 9.56
188207.56 547730.34 9.17
188207.56 547640.34 9.11
188207.56 547550.34 8.57
188207.56 547460.34 8.29
188207.56 547370.34 7.93
188207.56 547280.34 7.61
188207.56 547190.34 8.17
188207.56 547100.34 8.46
188207.56 547010.34 8.63
188207.56 546920.34 8.58
188207.56 546830.34 8.58
188207.56 546740.34 9.45
188207.56 546650.34 9.09
188207.56 546560.34 8.96
188207.56 546470.34 9.28
188207.56 546380.34 9.03
188207.56 546290.34 8.82
188207.56 546200.34 8.98
188207.56 546110.34 9.01
188207.56 546020.34 8.99
188207.56 545930.34 8.98
188207.56 545840.34 9.08
188207.56 545750.34 9.76
188207.56 545660.34 11.22
188207.56 545570.34 12.51
188207.56 545480.34 17.79
188207.56 545390.34 23.06
188207.56 545300.34 35.99
188207.56 545210.34 49.33
188207.56 545120.34 37.91
188207.56 545030.34 24.52
188207.56 544940.34 46.18
188207.56 544850.34 54.65
188207.56 544760.34 38.00
188207.56 544670.34 26.32
188297.56 550520.34 20.12
188297.56 550430.34 24.28
188297.56 550340.34 25.00
188297.56 550250.34 23.17
188297.56 550160.34 20.84
188297.56 550070.34 18.53
188297.56 549980.34 19.01
188297.56 549890.34 20.65
188297.56 549800.34 21.68
188297.56 549710.34 24.22
188297.56 549620.34 26.23
188297.56 549530.34 27.02
188297.56 549440.34 26.40
188297.56 549350.34 36.13
188297.56 549260.34 41.72
188297.56 549170.34 36.75
188297.56 549080.34 30.99
188297.56 548990.34 26.48
188297.56 548900.34 20.85
188297.56 548810.34 14.57
188297.56 548720.34 11.18
188297.56 548630.34 10.14
188297.56 548540.34 9.62
188297.56 548450.34 15.32
188297.56 548360.34 23.95
188297.56 548270.34 25.73
188297.56 548180.34 21.27
188297.56 548090.34 13.83
188297.56 548000.34 10.02
188297.56 547910.34 10.89
188297.56 547820.34 10.01
188297.56 547730.34 8.84
188297.56 547640.34 8.50
188297.56 547550.34 8.21
188297.56 547460.34 8.01
188297.56 547370.34 7.37
188297.56 547280.34 7.34
188297.56 547190.34 8.04
188297.56 547100.34 8.25
188297.56 547010.34 8.33
188297.56 546920.34 8.35
188297.56 546830.34 8.41
188297.56 546740.34 8.42
188297.56 546650.34 8.36
188297.56 546560.34 8.74
188297.56 546470.34 9.22
188297.56 546380.34 9.36
188297.56 546290.34 8.86
188297.56 546200.34 8.85
188297.56 546110.34 8.92
188297.56 546020.34 9.04
188297.56 545930.34 9.05
188297.56 545840.34 9.11
188297.56 545750.34 10.24
188297.56 545660.34 11.96
188297.56 545570.34 15.11
188297.56 545480.34 20.60
188297.56 545390.34 39.35
188297.56 545300.34 57.77
188297.56 545210.34 59.20
188297.56 545120.34 41.47
188297.56 545030.34 20.85
188297.56 544940.34 27.48
188297.56 544850.34 41.23
188297.56 544760.34 33.77
188297.56 544670.34 22.23
188387.56 550520.34 16.73
188387.56 550430.34 17.56
188387.56 550340.34 17.97
188387.56 550250.34 21.69
188387.56 550160.34 22.45
188387.56 550070.34 20.08
188387.56 549980.34 20.35
188387.56 549890.34 24.55
188387.56 549800.34 24.82
188387.56 549710.34 21.91
188387.56 549620.34 20.15
188387.56 549530.34 20.27
188387.56 549440.34 20.63
188387.56 549350.34 28.54
188387.56 549260.34 31.01
188387.56 549170.34 26.37
188387.56 549080.34 22.23
188387.56 548990.34 18.31
188387.56 548900.34 18.06
188387.56 548810.34 18.64
188387.56 548720.34 17.72
188387.56 548630.34 14.84
188387.56 548540.34 10.72
188387.56 548450.34 12.54
188387.56 548360.34 18.05
188387.56 548270.34 16.59
188387.56 548180.34 12.72
188387.56 548090.34 10.76
188387.56 548000.34 9.75
188387.56 547910.34 9.84
188387.56 547820.34 9.40
188387.56 547730.34 8.57
188387.56 547640.34 8.13
188387.56 547550.34 7.98
188387.56 547460.34 7.87
188387.56 547370.34 7.38
188387.56 547280.34 7.45
188387.56 547190.34 7.90
188387.56 547100.34 8.06
188387.56 547010.34 8.24
188387.56 546920.34 8.28
188387.56 546830.34 8.35
188387.56 546740.34 8.34
188387.56 546650.34 8.24
188387.56 546560.34 9.01
188387.56 546470.34 8.97
188387.56 546380.34 9.65
188387.56 546290.34 8.74
188387.56 546200.34 9.02
188387.56 546110.34 9.33
188387.56 546020.34 8.37
188387.56 545930.34 8.59
188387.56 545840.34 9.32
188387.56 545750.34 10.41
188387.56 545660.34 19.02
188387.56 545570.34 22.50
188387.56 545480.34 26.60
188387.56 545390.34 45.45
188387.56 545300.34 65.15
188387.56 545210.34 62.57
188387.56 545120.34 39.07
188387.56 545030.34 17.88
188387.56 544940.34 14.84
188387.56 544850.34 30.20
188387.56 544760.34 27.51
188387.56 544670.34 16.79
188387.56 544580.34 13.63
188477.56 550430.34 14.78
188477.56 550340.34 15.15
188477.56 550250.34 18.31
188477.56 550160.34 21.04
188477.56 550070.34 22.58
188477.56 549980.34 21.71
188477.56 549890.34 22.24
188477.56 549800.34 21.88
188477.56 549710.34 17.94
188477.56 549620.34 16.06
188477.56 549530.34 16.34
188477.56 549440.34 17.07
188477.56 549350.34 20.17
188477.56 549260.34 26.69
188477.56 549170.34 26.95
188477.56 549080.34 20.48
188477.56 548990.34 15.67
188477.56 548900.34 13.61
188477.56 548810.34 16.61
188477.56 548720.34 25.28
188477.56 548630.34 24.23
188477.56 548540.34 13.69
188477.56 548450.34 9.37
188477.56 548360.34 10.20
188477.56 548270.34 10.35
188477.56 548180.34 10.20
188477.56 548090.34 10.31
188477.56 548000.34 9.75
188477.56 547910.34 9.11
188477.56 547820.34 8.67
188477.56 547730.34 8.22
188477.56 547640.34 8.07
188477.56 547550.34 7.93
188477.56 547460.34 7.55
188477.56 547370.34 7.42
188477.56 547280.34 7.63
188477.56 547190.34 7.85
188477.56 547100.34 8.28
188477.56 547010.34 8.55
188477.56 546920.34 8.40
188477.56 546830.34 8.65
188477.56 546740.34 8.55
188477.56 546650.34 8.25
188477.56 546560.34 8.21
188477.56 546470.34 8.37
188477.56 546380.34 8.73
188477.56 546290.34 8.67
188477.56 546200.34 8.76
188477.56 546110.34 8.89
188477.56 546020.34 8.82
188477.56 545930.34 8.85
188477.56 545840.34 9.96
188477.56 545750.34 10.81
188477.56 545660.34 19.38
188477.56 545570.34 30.77
188477.56 545480.34 44.30
188477.56 545390.34 44.30
188477.56 545300.34 38.94
188477.56 545210.34 35.22
188477.56 545120.34 21.81
188477.56 545030.34 12.59
188477.56 544940.34 12.45
188477.56 544850.34 14.49
188477.56 544760.34 14.06
188477.56 544670.34 10.28
188477.56 544580.34 7.48
188567.56 550430.34 12.11
188567.56 550340.34 12.83
188567.56 550250.34 14.14
188567.56 550160.34 18.10
188567.56 550070.34 20.27
188567.56 549980.34 18.91
188567.56 549890.34 17.15
188567.56 549800.34 15.95
188567.56 549710.34 14.25
188567.56 549620.34 13.72
188567.56 549530.34 14.89
188567.56 549440.34 16.71
188567.56 549350.34 19.62
188567.56 549260.34 28.80
188567.56 549170.34 31.92
188567.56 549080.34 27.48
188567.56 548990.34 20.88
188567.56 548900.34 14.55
188567.56 548810.34 12.71
188567.56 548720.34 18.64
188567.56 548630.34 26.04
188567.56 548540.34 17.11
188567.56 548450.34 9.29
188567.56 548360.34 9.32
188567.56 548270.34 9.53
188567.56 548180.34 9.43
188567.56 548090.34 9.50
188567.56 548000.34 9.39
188567.56 547910.34 8.75
188567.56 547820.34 8.37
188567.56 547730.34 8.20
188567.56 547640.34 8.24
188567.56 547550.34 8.21
188567.56 547460.34 8.35
188567.56 547370.34 8.21
188567.56 547280.34 7.89
188567.56 547190.34 7.88
188567.56 547100.34 7.74
188567.56 547010.34 7.56
188567.56 546920.34 7.74
188567.56 546830.34 8.04
188567.56 546740.34 8.06
188567.56 546650.34 7.81
188567.56 546560.34 7.37
188567.56 546470.34 7.79
188567.56 546380.34 8.53
188567.56 546290.34 8.72
188567.56 546200.34 8.72
188567.56 546110.34 9.14
188567.56 546020.34 9.54
188567.56 545930.34 10.13
188567.56 545840.34 10.29
188567.56 545750.34 10.54
188567.56 545660.34 21.73
188567.56 545570.34 29.38
188567.56 545480.34 24.37
188567.56 545390.34 18.76
188567.56 545300.34 17.08
188567.56 545210.34 16.00
188567.56 545120.34 14.26
188567.56 545030.34 13.25
188567.56 544940.34 9.70
188567.56 544850.34 6.62
188567.56 544760.34 5.43
188567.56 544670.34 4.83
188567.56 544580.34 6.02
188567.56 544490.34 7.38
188657.56 550340.34 12.96
188657.56 550250.34 15.65
188657.56 550160.34 15.84
188657.56 550070.34 13.58
188657.56 549980.34 12.95
188657.56 549890.34 12.92
188657.56 549800.34 13.35
188657.56 549710.34 13.18
188657.56 549620.34 14.84
188657.56 549530.34 16.80
188657.56 549440.34 17.56
188657.56 549350.34 19.39
188657.56 549260.34 33.94
188657.56 549170.34 46.00
188657.56 549080.34 45.17
188657.56 548990.34 38.25
188657.56 548900.34 28.33
188657.56 548810.34 16.85
188657.56 548720.34 10.90
188657.56 548630.34 11.06
188657.56 548540.34 10.09
188657.56 548450.34 9.13
188657.56 548360.34 8.87
188657.56 548270.34 8.63
188657.56 548180.34 8.39
188657.56 548090.34 8.38
188657.56 548000.34 8.96
188657.56 547910.34 8.72
188657.56 547820.34 8.15
188657.56 547730.34 8.89
188657.56 547640.34 9.08
188657.56 547550.34 8.49
188657.56 547460.34 7.85
188657.56 547370.34 7.42
188657.56 547280.34 7.44
188657.56 547190.34 7.41
188657.56 547100.34 7.08
188657.56 547010.34 7.18
188657.56 546920.34 7.57
188657.56 546830.34 7.60
188657.56 546740.34 7.22
188657.56 546650.34 8.06
188657.56 546560.34 8.71
188657.56 546470.34 7.60
188657.56 546380.34 8.15
188657.56 546290.34 8.98
188657.56 546200.34 9.02
188657.56 546110.34 9.18
188657.56 546020.34 9.79
188657.56 545930.34 9.15
188657.56 545840.34 6.49
188657.56 545750.34 5.07
188657.56 545660.34 12.16
188657.56 545570.34 13.17
188657.56 545480.34 8.06
188657.56 545390.34 6.51
188657.56 545300.34 5.80
188657.56 545210.34 5.14
188657.56 545120.34 5.98
188657.56 545030.34 7.81
188657.56 544940.34 8.33
188657.56 544850.34 10.79
188657.56 544760.34 12.00
188657.56 544670.34 10.70
188657.56 544580.34 9.44
188657.56 544490.34 9.14
188747.56 550340.34 15.44
188747.56 550250.34 18.93
188747.56 550160.34 16.17
188747.56 550070.34 11.78
188747.56 549980.34 11.57
188747.56 549890.34 12.03
188747.56 549800.34 12.89
188747.56 549710.34 12.51
188747.56 549620.34 12.71
188747.56 549530.34 14.04
188747.56 549440.34 15.93
188747.56 549350.34 19.11
188747.56 549260.34 36.68
188747.56 549170.34 57.71
188747.56 549080.34 60.38
188747.56 548990.34 50.24
188747.56 548900.34 41.40
188747.56 548810.34 24.17
188747.56 548720.34 11.05
188747.56 548630.34 8.77
188747.56 548540.34 8.70
188747.56 548450.34 8.68
188747.56 548360.34 8.59
188747.56 548270.34 8.48
188747.56 548180.34 8.13
188747.56 548090.34 8.16
188747.56 548000.34 9.05
188747.56 547910.34 8.87
188747.56 547820.34 8.44
188747.56 547730.34 8.98
188747.56 547640.34 9.48
188747.56 547550.34 8.78
188747.56 547460.34 7.72
188747.56 547370.34 7.44
188747.56 547280.34 7.32
188747.56 547190.34 7.23
188747.56 547100.34 7.12
188747.56 547010.34 6.98
188747.56 546920.34 6.86
188747.56 546830.34 6.90
188747.56 546740.34 7.02
188747.56 546650.34 6.92
188747.56 546560.34 7.17
188747.56 546470.34 7.36
188747.56 546380.34 8.49
188747.56 546290.34 9.47
188747.56 546200.34 9.31
188747.56 546110.34 9.23
188747.56 546020.34 10.02
188747.56 545930.34 10.50
188747.56 545840.34 6.98
188747.56 545750.34 8.18
188747.56 545660.34 9.33
188747.56 545570.34 6.59
188747.56 545480.34 4.59
188747.56 545390.34 5.67
188747.56 545300.34 7.05
188747.56 545210.34 7.45
188747.56 545120.34 9.22
188747.56 545030.34 12.06
188747.56 544940.34 10.31
188747.56 544850.34 8.30
188747.56 544760.34 9.30
188747.56 544670.34 9.75
188747.56 544580.34 9.47
188747.56 544490.34 9.32
188837.56 550250.34 20.54
188837.56 550160.34 17.11
188837.56 550070.34 12.77
188837.56 549980.34 11.51
188837.56 549890.34 11.86
188837.56 549800.34 12.98
188837.56 549710.34 13.41
188837.56 549620.34 13.77
188837.56 549530.34 15.52
188837.56 549440.34 17.00
188837.56 549350.34 19.05
188837.56 549260.34 31.67
188837.56 549170.34 39.82
188837.56 549080.34 37.54
188837.56 548990.34 30.25
188837.56 548900.34 17.68
188837.56 548810.34 10.25
188837.56 548720.34 8.91
188837.56 548630.34 8.69
188837.56 548540.34 8.53
188837.56 548450.34 8.41
188837.56 548360.34 8.32
188837.56 548270.34 8.23
188837.56 548180.34 8.05
188837.56 548090.34 7.92
188837.56 548000.34 8.43
188837.56 547910.34 8.60
188837.56 547820.34 8.19
188837.56 547730.34 7.98
188837.56 547640.34 8.05
188837.56 547550.34 8.05
188837.56 547460.34 7.73
188837.56 547370.34 7.44
188837.56 547280.34 7.37
188837.56 547190.34 7.24
188837.56 547100.34 6.97
188837.56 547010.34 6.91
188837.56 546920.34 6.85
188837.56 546830.34 6.65
188837.56 546740.34 6.59
188837.56 546650.34 6.43
188837.56 546560.34 6.39
188837.56 546470.34 6.69
188837.56 546380.34 8.42
188837.56 546290.34 9.59
188837.56 546200.34 9.50
188837.56 546110.34 9.54
188837.56 546020.34 10.16
188837.56 545930.34 10.55
188837.56 545840.34 10.66
188837.56 545750.34 9.42
188837.56 545660.34 6.02
188837.56 545570.34 5.24
188837.56 545480.34 6.52
188837.56 545390.34 9.61
188837.56 545300.34 11.18
188837.56 545210.34 10.31
188837.56 545120.34 9.12
188837.56 545030.34 8.59
188837.56 544940.34 8.48
188837.56 544850.34 8.91
188837.56 544760.34 9.64
188837.56 544670.34 9.65
188837.56 544580.34 9.44
188837.56 544490.34 8.76
188927.56 550250.34 16.90
188927.56 550160.34 16.78
188927.56 550070.34 12.91
188927.56 549980.34 11.06
188927.56 549890.34 11.60
188927.56 549800.34 13.07
188927.56 549710.34 16.37
188927.56 549620.34 19.65
188927.56 549530.34 22.45
188927.56 549440.34 22.50
188927.56 549350.34 21.65
188927.56 549260.34 25.96
188927.56 549170.34 21.46
188927.56 549080.34 14.86
188927.56 548990.34 11.54
188927.56 548900.34 9.21
188927.56 548810.34 8.80
188927.56 548720.34 8.88
188927.56 548630.34 8.75
188927.56 548540.34 8.60
188927.56 548450.34 8.30
188927.56 548360.34 8.16
188927.56 548270.34 8.00
188927.56 548180.34 7.73
188927.56 548090.34 7.60
188927.56 548000.34 8.03
188927.56 547910.34 8.48
188927.56 547820.34 8.49
188927.56 547730.34 8.34
188927.56 547640.34 8.11
188927.56 547550.34 8.10
188927.56 547460.34 8.10
188927.56 547370.34 7.45
188927.56 547280.34 7.26
188927.56 547190.34 7.51
188927.56 547100.34 7.03
188927.56 547010.34 6.59
188927.56 546920.34 6.59
188927.56 546830.34 6.47
188927.56 546740.34 6.45
188927.56 546650.34 6.90
188927.56 546560.34 6.99
188927.56 546470.34 6.96
188927.56 546380.34 8.77
188927.56 546290.34 9.85
188927.56 546200.34 9.79
188927.56 546110.34 10.17
188927.56 546020.34 10.49
188927.56 545930.34 11.09
188927.56 545840.34 9.49
188927.56 545750.34 6.67
188927.56 545660.34 6.29
188927.56 545570.34 9.00
188927.56 545480.34 10.13
188927.56 545390.34 10.02
188927.56 545300.34 8.77
188927.56 545210.34 8.03
188927.56 545120.34 8.08
188927.56 545030.34 7.87
188927.56 544940.34 7.76
188927.56 544850.34 8.71
188927.56 544760.34 9.45
188927.56 544670.34 9.46
188927.56 544580.34 8.89
188927.56 544490.34 8.25
189017.56 550250.34 12.84
189017.56 550160.34 13.00
189017.56 550070.34 11.77
189017.56 549980.34 11.09
189017.56 549890.34 11.35
189017.56 549800.34 12.71
189017.56 549710.34 13.36
189017.56 549620.34 14.91
189017.56 549530.34 20.82
189017.56 549440.34 26.16
189017.56 549350.34 28.81
189017.56 549260.34 32.55
189017.56 549170.34 21.39
189017.56 549080.34 10.31
189017.56 548990.34 8.80
189017.56 548900.34 8.63
189017.56 548810.34 8.82
189017.56 548720.34 9.12
189017.56 548630.34 8.95
189017.56 548540.34 8.35
189017.56 548450.34 8.55
189017.56 548360.34 9.41
189017.56 548270.34 8.58
189017.56 548180.34 7.80
189017.56 548090.34 7.95
189017.56 548000.34 8.05
189017.56 547910.34 8.24
189017.56 547820.34 8.40
189017.56 547730.34 8.18
189017.56 547640.34 7.93
189017.56 547550.34 7.73
189017.56 547460.34 7.45
189017.56 547370.34 7.33
189017.56 547280.34 7.21
189017.56 547190.34 7.46
189017.56 547100.34 7.16
189017.56 547010.34 6.70
189017.56 546920.34 6.49
189017.56 546830.34 6.39
189017.56 546740.34 6.12
189017.56 546650.34 6.72
189017.56 546560.34 7.91
189017.56 546470.34 7.43
189017.56 546380.34 8.82
189017.56 546290.34 10.08
189017.56 546200.34 9.94
189017.56 546110.34 10.66
189017.56 546020.34 9.84
189017.56 545930.34 8.50
189017.56 545840.34 5.89
189017.56 545750.34 5.24
189017.56 545660.34 9.86
189017.56 545570.34 10.41
189017.56 545480.34 8.43
189017.56 545390.34 8.19
189017.56 545300.34 8.32
189017.56 545210.34 8.60
189017.56 545120.34 8.24
189017.56 545030.34 7.93
189017.56 544940.34 8.44
189017.56 544850.34 8.41
189017.56 544760.34 8.90
189017.56 544670.34 9.43
189017.56 544580.34 8.57
189017.56 544490.34 8.01
189107.56 550250.34 9.61
189107.56 550160.34 12.55
189107.56 550070.34 11.24
189107.56 549980.34 11.09
189107.56 549890.34 11.43
189107.56 549800.34 12.63
189107.56 549710.34 13.40
189107.56 549620.34 14.35
189107.56 549530.34 21.08
189107.56 549440.34 32.85
189107.56 549350.34 38.37
189107.56 549260.34 47.46
189107.56 549170.34 27.11
189107.56 549080.34 9.01
189107.56 548990.34 8.66
189107.56 548900.34 8.43
189107.56 548810.34 8.63
189107.56 548720.34 8.74
189107.56 548630.34 8.64
189107.56 548540.34 8.64
189107.56 548450.34 8.67
189107.56 548360.34 8.26
189107.56 548270.34 8.04
189107.56 548180.34 7.72
189107.56 548090.34 7.30
189107.56 548000.34 7.05
189107.56 547910.34 7.91
189107.56 547820.34 7.83
189107.56 547730.34 7.35
189107.56 547640.34 7.47
189107.56 547550.34 7.37
189107.56 547460.34 7.24
189107.56 547370.34 7.61
189107.56 547280.34 7.85
189107.56 547190.34 8.21
189107.56 547100.34 7.34
189107.56 547010.34 6.60
189107.56 546920.34 7.81
189107.56 546830.34 9.32
189107.56 546740.34 9.75
189107.56 546650.34 9.82
189107.56 546560.34 10.00
189107.56 546470.34 9.89
189107.56 546380.34 11.31
189107.56 546290.34 12.88
189107.56 546200.34 12.85
189107.56 546110.34 9.05
189107.56 546020.34 5.30
189107.56 545930.34 4.33
189107.56 545840.34 6.05
189107.56 545750.34 8.96
189107.56 545660.34 8.89
189107.56 545570.34 7.65
189107.56 545480.34 7.58
189107.56 545390.34 7.73
189107.56 545300.34 7.82
189107.56 545210.34 8.01
189107.56 545120.34 7.85
189107.56 545030.34 8.34
189107.56 544940.34 9.06
189107.56 544850.34 8.98
189107.56 544760.34 8.53
189107.56 544670.34 8.30
189107.56 544580.34 8.20
189197.56 550250.34 3.40
189197.56 550160.34 5.31
189197.56 550070.34 9.31
189197.56 549980.34 11.43
189197.56 549890.34 12.25
189197.56 549800.34 13.47
189197.56 549710.34 15.51
189197.56 549620.34 17.73
189197.56 549530.34 25.90
189197.56 549440.34 43.38
189197.56 549350.34 56.27
189197.56 549260.34 43.59
189197.56 549170.34 18.43
189197.56 549080.34 8.76
189197.56 548990.34 8.56
189197.56 548900.34 8.60
189197.56 548810.34 8.56
189197.56 548720.34 8.75
189197.56 548630.34 8.66
189197.56 548540.34 8.24
189197.56 548450.34 8.72
189197.56 548360.34 8.30
189197.56 548270.34 7.68
189197.56 548180.34 7.67
189197.56 548090.34 7.68
189197.56 548000.34 7.68
189197.56 547910.34 8.49
189197.56 547820.34 7.93
189197.56 547730.34 7.36
189197.56 547640.34 7.57
189197.56 547550.34 7.52
189197.56 547460.34 8.63
189197.56 547370.34 11.05
189197.56 547280.34 11.91
189197.56 547190.34 12.36
189197.56 547100.34 10.58
189197.56 547010.34 8.71
189197.56 546920.34 9.40
189197.56 546830.34 11.69
189197.56 546740.34 10.28
189197.56 546650.34 8.38
189197.56 546560.34 8.17
189197.56 546470.34 8.06
189197.56 546380.34 8.13
189197.56 546290.34 8.24
189197.56 546200.34 7.66
189197.56 546110.34 5.31
189197.56 546020.34 5.30
189197.56 545930.34 6.73
189197.56 545840.34 11.04
189197.56 545750.34 10.90
189197.56 545660.34 7.94
189197.56 545570.34 7.22
189197.56 545480.34 7.50
189197.56 545390.34 7.81
189197.56 545300.34 8.08
189197.56 545210.34 8.63
189197.56 545120.34 9.13
189197.56 545030.34 9.21
189197.56 544940.34 9.18
189197.56 544850.34 9.12
189197.56 544760.34 8.69
189197.56 544670.34 8.24
189287.56 550250.34 10.21
189287.56 550160.34 5.49
189287.56 550070.34 3.50
189287.56 549980.34 8.32
189287.56 549890.34 12.92
189287.56 549800.34 14.30
189287.56 549710.34 17.14
189287.56 549620.34 24.45
189287.56 549530.34 32.32
189287.56 549440.34 40.04
189287.56 549350.34 53.96
189287.56 549260.34 31.69
189287.56 549170.34 9.92
189287.56 549080.34 8.56
189287.56 548990.34 8.42
189287.56 548900.34 8.33
189287.56 548810.34 8.32
189287.56 548720.34 8.47
189287.56 548630.34 8.33
189287.56 548540.34 8.21
189287.56 548450.34 7.90
189287.56 548360.34 7.67
189287.56 548270.34 7.85
189287.56 548180.34 7.79
189287.56 548090.34 8.18
189287.56 548000.34 8.63
189287.56 547910.34 8.92
189287.56 547820.34 8.07
189287.56 547730.34 7.33
189287.56 547640.34 7.48
189287.56 547550.34 9.09
189287.56 547460.34 9.17
189287.56 547370.34 8.40
189287.56 547280.34 8.27
189287.56 547190.34 8.14
189287.56 547100.34 8.04
189287.56 547010.34 7.68
189287.56 546920.34 7.59
189287.56 546830.34 7.80
189287.56 546740.34 7.47
189287.56 546650.34 7.19
189287.56 546560.34 7.16
189287.56 546470.34 7.46
189287.56 546380.34 7.20
189287.56 546290.34 5.26
189287.56 546200.34 4.33
189287.56 546110.34 5.93
189287.56 546020.34 7.59
189287.56 545930.34 9.55
189287.56 545840.34 8.97
189287.56 545750.34 7.75
189287.56 545660.34 7.52
189287.56 545570.34 7.49
189287.56 545480.34 7.60
189287.56 545390.34 7.85
189287.56 545300.34 8.51
189287.56 545210.34 9.15
189287.56 545120.34 9.44
189287.56 545030.34 9.43
189287.56 544940.34 9.20
189287.56 544850.34 7.61
189377.56 550250.34 16.97
189377.56 550160.34 14.26
189377.56 550070.34 11.53
189377.56 549980.34 8.77
189377.56 549890.34 5.32
189377.56 549800.34 6.84
189377.56 549710.34 10.41
189377.56 549620.34 12.46
189377.56 549530.34 14.88
189377.56 549440.34 27.90
189377.56 549350.34 44.95
189377.56 549260.34 26.19
189377.56 549170.34 9.08
189377.56 549080.34 8.68
189377.56 548990.34 8.41
189377.56 548900.34 8.32
189377.56 548810.34 8.32
189377.56 548720.34 8.16
189377.56 548630.34 7.95
189377.56 548540.34 7.65
189377.56 548450.34 7.63
189377.56 548360.34 7.85
189377.56 548270.34 8.04
189377.56 548180.34 8.09
189377.56 548090.34 8.23
189377.56 548000.34 8.78
189377.56 547910.34 9.15
189377.56 547820.34 9.85
189377.56 547730.34 8.49
189377.56 547640.34 7.62
189377.56 547550.34 6.51
189377.56 547460.34 4.56
189377.56 547370.34 3.99
189377.56 547280.34 6.30
189377.56 547190.34 7.43
189377.56 547100.34 7.25
189377.56 547010.34 7.43
189377.56 546920.34 7.29
189377.56 546830.34 7.18
189377.56 546740.34 7.26
189377.56 546650.34 7.29
189377.56 546560.34 7.43
189377.56 546470.34 7.57
189377.56 546380.34 5.62
189377.56 546290.34 6.28
189377.56 546200.34 10.20
189377.56 546110.34 10.03
189377.56 546020.34 8.15
189377.56 545930.34 7.00
189377.56 545840.34 7.26
189377.56 545750.34 7.45
189377.56 545660.34 7.58
189377.56 545570.34 8.08
189377.56 545480.34 8.13
189377.56 545390.34 8.28
189377.56 545300.34 8.86
189467.56 550250.34 11.96
189467.56 550160.34 14.63
189467.56 550070.34 13.36
189467.56 549980.34 14.12
189467.56 549890.34 9.88
189467.56 549800.34 4.51
189467.56 549710.34 5.76
189467.56 549620.34 9.60
189467.56 549530.34 12.00
189467.56 549440.34 22.66
189467.56 549350.34 28.39
189467.56 549260.34 16.74
189467.56 549170.34 9.05
189467.56 549080.34 8.60
189467.56 548990.34 8.44
189467.56 548900.34 8.21
189467.56 548810.34 8.14
189467.56 548720.34 7.87
189467.56 548630.34 7.82
189467.56 548540.34 7.84
189467.56 548450.34 7.93
189467.56 548360.34 8.00
189467.56 548270.34 8.11
189467.56 548180.34 8.24
189467.56 548090.34 8.55
189467.56 548000.34 9.25
189467.56 547910.34 9.53
189467.56 547820.34 10.54
189467.56 547730.34 8.88
189467.56 547640.34 7.43
189467.56 547550.34 5.22
189467.56 547460.34 4.58
189467.56 547370.34 7.53
189467.56 547280.34 10.69
189467.56 547190.34 9.97
189467.56 547100.34 9.39
189467.56 547010.34 10.37
189467.56 546920.34 10.96
189467.56 546830.34 12.11
189467.56 546740.34 12.98
189467.56 546650.34 12.05
189467.56 546560.34 10.08
189467.56 546470.34 9.08
189467.56 546380.34 9.97
189467.56 546290.34 10.56
189467.56 546200.34 10.67
189467.56 546110.34 9.59
189467.56 546020.34 8.66
189467.56 545930.34 7.86
189467.56 545840.34 7.50
189467.56 545750.34 7.68
189557.56 550250.34 9.28
189557.56 550160.34 14.28
189557.56 550070.34 25.36
189557.56 549980.34 34.87
189557.56 549890.34 23.01
189557.56 549800.34 8.91
189557.56 549710.34 4.11
189557.56 549620.34 5.23
189557.56 549530.34 10.14
189557.56 549440.34 13.59
189557.56 549350.34 14.78
189557.56 549260.34 11.67
189557.56 549170.34 9.09
189557.56 549080.34 8.77
189557.56 548990.34 8.38
189557.56 548900.34 8.08
189557.56 548810.34 8.01
189557.56 548720.34 8.36
189557.56 548630.34 8.06
189557.56 548540.34 7.88
189557.56 548450.34 8.05
189557.56 548360.34 8.21
189557.56 548270.34 8.58
189557.56 548180.34 8.59
189557.56 548090.34 8.97
189557.56 548000.34 9.94
189557.56 547910.34 10.76
189557.56 547820.34 10.74
189557.56 547730.34 8.57
189557.56 547640.34 5.02
189557.56 547550.34 4.39
189557.56 547460.34 8.85
189557.56 547370.34 10.08
189557.56 547280.34 8.93
189557.56 547190.34 8.57
189557.56 547100.34 8.44
189557.56 547010.34 8.41
189557.56 546920.34 8.24
189557.56 546830.34 8.67
189557.56 546740.34 9.59
189557.56 546650.34 9.33
189557.56 546560.34 8.84
189557.56 546470.34 9.09
189557.56 546380.34 13.09
189557.56 546290.34 10.65
189557.56 546200.34 10.19
189647.56 550250.34 4.65
189647.56 550160.34 11.61
189647.56 550070.34 25.43
189647.56 549980.34 23.49
189647.56 549890.34 15.11
189647.56 549800.34 9.92
189647.56 549710.34 6.67
189647.56 549620.34 4.31
189647.56 549530.34 4.35
189647.56 549440.34 7.28
189647.56 549350.34 11.11
189647.56 549260.34 10.97
189647.56 549170.34 9.18
189647.56 549080.34 8.66
189647.56 548990.34 8.46
189647.56 548900.34 8.23
189647.56 548810.34 7.98
189647.56 548720.34 8.24
189647.56 548630.34 8.50
189647.56 548540.34 8.17
189647.56 548450.34 7.97
189647.56 548360.34 8.16
189647.56 548270.34 8.62
189647.56 548180.34 8.65
189647.56 548090.34 9.22
189647.56 548000.34 10.16
189647.56 547910.34 10.92
189647.56 547820.34 11.71
189647.56 547730.34 9.13
189647.56 547640.34 4.70
189647.56 547550.34 5.58
189647.56 547460.34 8.46
189647.56 547370.34 8.80
189647.56 547280.34 8.32
189647.56 547190.34 8.39
189647.56 547100.34 8.24
189647.56 547010.34 8.12
189647.56 546920.34 7.89
189647.56 546830.34 8.05
189647.56 546740.34 8.59
189647.56 546650.34 8.50
189737.56 550160.34 7.72
189737.56 550070.34 14.82
189737.56 549980.34 13.36
189737.56 549890.34 11.63
189737.56 549800.34 13.14
189737.56 549710.34 9.34
189737.56 549620.34 6.23
189737.56 549530.34 4.58
189737.56 549440.34 3.62
189737.56 549350.34 5.84
189737.56 549260.34 9.18
189737.56 549170.34 9.96
189737.56 549080.34 8.92
189737.56 548990.34 8.43
189737.56 548900.34 8.34
189737.56 548810.34 8.36
189737.56 548720.34 8.53
189737.56 548630.34 8.16
189737.56 548540.34 8.10
189737.56 548450.34 8.41
189737.56 548360.34 8.59
189737.56 548270.34 8.73
189737.56 548180.34 8.71
189737.56 548090.34 10.73
189737.56 548000.34 11.52
189737.56 547910.34 11.42
189737.56 547820.34 9.26
189737.56 547730.34 5.43
189737.56 547640.34 5.40
189737.56 547550.34 10.26
189737.56 547460.34 10.11
189737.56 547370.34 8.18
189737.56 547280.34 8.16
189737.56 547190.34 8.27
189737.56 547100.34 8.28
189827.56 550160.34 3.21
189827.56 550070.34 8.35
189827.56 549980.34 14.08
189827.56 549890.34 15.79
189827.56 549800.34 14.78
189827.56 549710.34 13.11
189827.56 549620.34 8.93
189827.56 549530.34 6.35
189827.56 549440.34 5.64
189827.56 549350.34 4.00
189827.56 549260.34 5.76
189827.56 549170.34 7.98
189827.56 549080.34 10.96
189827.56 548990.34 11.27
189827.56 548900.34 9.46
189827.56 548810.34 9.65
189827.56 548720.34 9.50
189827.56 548630.34 9.06
189827.56 548540.34 8.67
189827.56 548450.34 8.48
189827.56 548360.34 8.54
189827.56 548270.34 8.61
189827.56 548180.34 8.74
189827.56 548090.34 9.68
189827.56 548000.34 11.03
189827.56 547910.34 10.82
189827.56 547820.34 8.44
189827.56 547730.34 4.73
189827.56 547640.34 5.76
189827.56 547550.34 9.39
189827.56 547460.34 9.16
189827.56 547370.34 8.20
189827.56 547280.34 8.08
189827.56 547190.34 8.02
189827.56 547100.34 8.06
189917.56 549980.34 12.11
189917.56 549890.34 16.84
189917.56 549800.34 14.74
189917.56 549710.34 14.29
189917.56 549620.34 11.08
189917.56 549530.34 7.47
189917.56 549440.34 6.63
189917.56 549350.34 6.38
189917.56 549260.34 4.40
189917.56 549170.34 3.29
189917.56 549080.34 5.62
189917.56 548990.34 7.21
189917.56 548900.34 9.11
189917.56 548810.34 10.48
189917.56 548720.34 10.87
189917.56 548630.34 10.79
189917.56 548540.34 10.69
189917.56 548450.34 10.04
189917.56 548360.34 9.27
189917.56 548270.34 8.96
189917.56 548180.34 8.96
189917.56 548090.34 9.24
189917.56 548000.34 11.84
189917.56 547910.34 11.19
189917.56 547820.34 6.00
189917.56 547730.34 5.64
189917.56 547640.34 9.63
189917.56 547550.34 9.47
189917.56 547460.34 8.08
189917.56 547370.34 7.81
189917.56 547280.34 7.92
189917.56 547190.34 8.13
190007.56 549800.34 12.89
190007.56 549710.34 12.28
190007.56 549620.34 14.70
190007.56 549530.34 18.86
190007.56 549440.34 18.99
190007.56 549350.34 13.95
190007.56 549260.34 8.54
190007.56 549170.34 6.58
190007.56 549080.34 4.54
190007.56 548990.34 3.19
190007.56 548900.34 4.85
190007.56 548810.34 7.03
190007.56 548720.34 9.82
190007.56 548630.34 10.84
190007.56 548540.34 10.59
190007.56 548450.34 10.75
190007.56 548360.34 10.04
190007.56 548270.34 9.34
190007.56 548180.34 9.20
190007.56 548090.34 9.72
190007.56 548000.34 10.04
190007.56 547910.34 8.89
190007.56 547820.34 6.33
190007.56 547730.34 6.70
190007.56 547640.34 10.54
190007.56 547550.34 9.87
190007.56 547460.34 8.35
190007.56 547370.34 8.53
190007.56 547280.34 8.60
190097.56 549620.34 13.76
190097.56 549530.34 14.99
190097.56 549440.34 11.55
190097.56 549350.34 9.16
190097.56 549260.34 8.95
190097.56 549170.34 9.20
190097.56 549080.34 10.03
190097.56 548990.34 9.56
190097.56 548900.34 7.84
190097.56 548810.34 7.24
190097.56 548720.34 7.04
190097.56 548630.34 4.87
190097.56 548540.34 5.68
190097.56 548450.34 7.63
190097.56 548360.34 7.83
190097.56 548270.34 7.80
190097.56 548180.34 7.32
190097.56 548090.34 4.97
190097.56 548000.34 3.53
190097.56 547910.34 5.41
190097.56 547820.34 9.10
190097.56 547730.34 8.22
190097.56 547640.34 5.18
190097.56 547550.34 7.12
190097.56 547460.34 9.14
190097.56 547370.34 9.26
190097.56 547280.34 9.02
190187.56 549350.34 10.25
190187.56 549260.34 8.40
190187.56 549170.34 8.26
190187.56 549080.34 8.39
190187.56 548990.34 8.46
190187.56 548900.34 9.22
190187.56 548810.34 11.38
190187.56 548720.34 9.18
190187.56 548630.34 6.64
190187.56 548540.34 4.82
190187.56 548450.34 3.44
190187.56 548360.34 3.25
190187.56 548270.34 3.27
190187.56 548180.34 3.69
190187.56 548090.34 5.43
190187.56 548000.34 8.32
190187.56 547910.34 11.98
190187.56 547820.34 8.25
190187.56 547730.34 4.24
190187.56 547640.34 3.96
190187.56 547550.34 7.15
190187.56 547460.34 9.22
190187.56 547370.34 9.13
190277.56 549170.34 8.35
190277.56 549080.34 7.86
190277.56 548990.34 7.77
190277.56 548900.34 8.13
190277.56 548810.34 8.52
190277.56 548720.34 8.79
190277.56 548630.34 10.75
190277.56 548540.34 9.25
190277.56 548450.34 6.40
190277.56 548360.34 6.31
190277.56 548270.34 7.15
190277.56 548180.34 8.29
190277.56 548090.34 10.65
190277.56 548000.34 10.55
190277.56 547910.34 11.35
190277.56 547820.34 7.61
190277.56 547730.34 6.61
190277.56 547640.34 8.21
190277.56 547550.34 8.76
190277.56 547460.34 9.20
190367.56 548990.34 8.61
190367.56 548900.34 8.39
190367.56 548810.34 8.37
190367.56 548720.34 8.27
190367.56 548630.34 8.35
190367.56 548540.34 8.71
190367.56 548450.34 9.88
190367.56 548360.34 10.45
190367.56 548270.34 10.17
190367.56 548180.34 10.35
190367.56 548090.34 10.50
190367.56 548000.34 9.87
190367.56 547910.34 9.29
190367.56 547820.34 8.52
190367.56 547730.34 8.41
190367.56 547640.34 8.77
190367.56 547550.34 9.57
190367.56 547460.34 9.74
190457.56 548810.34 8.53
190457.56 548720.34 8.79
190457.56 548630.34 9.29
190457.56 548540.34 8.99
190457.56 548450.34 8.81
190457.56 548360.34 8.76
190457.56 548270.34 8.53
190457.56 548180.34 9.01
190457.56 548090.34 9.45
190457.56 548000.34 9.23
190457.56 547910.34 8.86
190457.56 547820.34 8.45
190457.56 547730.34 8.90
190457.56 547640.34 9.32
190457.56 547550.34 9.50
190547.56 548630.34 9.59
190547.56 548540.34 8.85
190547.56 548450.34 8.44
190547.56 548360.34 9.14
190547.56 548270.34 8.94
190547.56 548180.34 8.73
190547.56 548090.34 9.16
190547.56 548000.34 9.12
190547.56 547910.34 8.58
190547.56 547820.34 8.60
190547.56 547730.34 9.15
190547.56 547640.34 10.14
190637.56 548450.34 9.16
190637.56 548360.34 9.60
190637.56 548270.34 9.26
190637.56 548180.34 8.99
190637.56 548090.34 9.19
190637.56 548000.34 9.02
190637.56 547910.34 8.87
190637.56 547820.34 8.62
190637.56 547730.34 8.79
190637.56 547640.34 9.60
190727.56 548270.34 9.43
190727.56 548180.34 8.98
190727.56 548090.34 9.50
190727.56 548000.34 9.88
190727.56 547910.34 9.58
190727.56 547820.34 9.29
190727.56 547730.34 9.07
190817.56 548090.34 9.83
190817.56 548000.34 10.17
