204536.89 547849.01 3.11
204536.89 547759.01 6.71
204536.89 547669.01 16.10
204536.89 547579.01 17.96
204536.89 547489.01 19.29
204626.89 548119.01 2.70
204626.89 548029.01 2.86
204626.89 547939.01 2.99
204626.89 547849.01 3.15
204626.89 547759.01 5.17
204626.89 547669.01 12.30
204626.89 547579.01 19.17
204626.89 547489.01 22.50
204626.89 547399.01 25.82
204716.89 548299.01 2.91
204716.89 548209.01 2.78
204716.89 548119.01 2.89
204716.89 548029.01 3.01
204716.89 547939.01 3.14
204716.89 547849.01 3.32
204716.89 547759.01 3.60
204716.89 547669.01 6.85
204716.89 547579.01 16.73
204716.89 547489.01 22.61
204716.89 547399.01 25.22
204716.89 547309.01 25.13
204806.89 548569.01 13.55
204806.89 548479.01 13.94
204806.89 548389.01 13.48
204806.89 548299.01 6.08
204806.89 548209.01 3.09
204806.89 548119.01 3.14
204806.89 548029.01 3.23
204806.89 547939.01 3.38
204806.89 547849.01 3.59
204806.89 547759.01 3.80
204806.89 547669.01 4.30
204806.89 547579.01 8.08
204806.89 547489.01 16.05
204806.89 547399.01 20.46
204806.89 547309.01 22.91
204806.89 547219.01 23.53
204896.89 548749.01 13.50
204896.89 548659.01 13.89
204896.89 548569.01 13.40
204896.89 548479.01 12.99
204896.89 548389.01 13.51
204896.89 548299.01 12.10
204896.89 548209.01 3.27
204896.89 548119.01 3.34
204896.89 548029.01 3.47
204896.89 547939.01 3.71
204896.89 547849.01 3.92
204896.89 547759.01 4.07
204896.89 547669.01 4.04
204896.89 547579.01 4.24
204896.89 547489.01 6.79
204896.89 547399.01 13.46
204896.89 547309.01 18.94
204896.89 547219.01 21.50
204986.89 548929.01 12.93
204986.89 548839.01 12.79
204986.89 548749.01 12.91
204986.89 548659.01 13.30
204986.89 548569.01 13.60
204986.89 548479.01 13.21
204986.89 548389.01 14.06
204986.89 548299.01 13.26
204986.89 548209.01 4.84
204986.89 548119.01 3.49
204986.89 548029.01 3.75
204986.89 547939.01 4.08
204986.89 547849.01 4.27
204986.89 547759.01 4.35
204986.89 547669.01 4.29
204986.89 547579.01 4.16
204986.89 547489.01 4.04
204986.89 547399.01 6.30
204986.89 547309.01 14.19
204986.89 547219.01 20.38
205076.89 549199.01 12.80
205076.89 549109.01 12.79
205076.89 549019.01 12.86
205076.89 548929.01 12.57
205076.89 548839.01 12.77
205076.89 548749.01 12.61
205076.89 548659.01 12.78
205076.89 548569.01 13.23
205076.89 548479.01 13.04
205076.89 548389.01 13.17
205076.89 548299.01 13.03
205076.89 548209.01 9.88
205076.89 548119.01 3.75
205076.89 548029.01 4.07
205076.89 547939.01 4.51
205076.89 547849.01 4.66
205076.89 547759.01 4.65
205076.89 547669.01 4.55
205076.89 547579.01 4.40
205076.89 547489.01 4.20
205076.89 547399.01 4.08
205076.89 547309.01 6.71
205076.89 547219.01 15.65
205076.89 547129.01 22.03
205166.89 549379.01 12.73
205166.89 549289.01 12.64
205166.89 549199.01 12.60
205166.89 549109.01 12.67
205166.89 549019.01 12.84
205166.89 548929.01 12.60
205166.89 548839.01 12.83
205166.89 548749.01 13.01
205166.89 548659.01 13.01
205166.89 548569.01 13.08
205166.89 548479.01 13.23
205166.89 548389.01 14.30
205166.89 548299.01 14.43
205166.89 548209.01 13.63
205166.89 548119.01 7.18
205166.89 548029.01 5.74
205166.89 547939.01 5.69
205166.89 547849.01 5.40
205166.89 547759.01 5.02
205166.89 547669.01 4.80
205166.89 547579.01 4.58
205166.89 547489.01 4.39
205166.89 547399.01 4.28
205166.89 547309.01 4.56
205166.89 547219.01 8.21
205166.89 547129.01 18.00
205256.89 549649.01 13.51
205256.89 549559.01 13.57
205256.89 549469.01 13.53
205256.89 549379.01 13.12
205256.89 549289.01 12.48
205256.89 549199.01 12.53
205256.89 549109.01 12.80
205256.89 549019.01 12.85
205256.89 548929.01 13.11
205256.89 548839.01 13.08
205256.89 548749.01 13.30
205256.89 548659.01 13.27
205256.89 548569.01 12.84
205256.89 548479.01 13.48
205256.89 548389.01 14.95
205256.89 548299.01 13.37
205256.89 548209.01 13.99
205256.89 548119.01 14.09
205256.89 548029.01 8.99
205256.89 547939.01 7.03
205256.89 547849.01 6.48
205256.89 547759.01 5.23
205256.89 547669.01 4.85
205256.89 547579.01 4.57
205256.89 547489.01 4.42
205256.89 547399.01 4.36
205256.89 547309.01 4.35
205256.89 547219.01 4.36
205256.89 547129.01 10.08
205346.89 549829.01 13.08
205346.89 549739.01 12.64
205346.89 549649.01 12.86
205346.89 549559.01 13.33
205346.89 549469.01 13.37
205346.89 549379.01 13.06
205346.89 549289.01 12.82
205346.89 549199.01 12.72
205346.89 549109.01 12.87
205346.89 549019.01 12.85
205346.89 548929.01 13.13
205346.89 548839.01 13.01
205346.89 548749.01 13.07
205346.89 548659.01 13.11
205346.89 548569.01 12.78
205346.89 548479.01 12.75
205346.89 548389.01 12.64
205346.89 548299.01 13.25
205346.89 548209.01 14.94
205346.89 548119.01 15.25
205346.89 548029.01 10.55
205346.89 547939.01 6.81
205346.89 547849.01 6.42
205346.89 547759.01 4.92
205346.89 547669.01 4.58
205346.89 547579.01 4.40
205346.89 547489.01 4.31
205346.89 547399.01 4.27
205346.89 547309.01 4.26
205346.89 547219.01 4.27
205346.89 547129.01 9.98
205346.89 547039.01 25.41
205436.89 550099.01 8.78
205436.89 550009.01 9.03
205436.89 549919.01 15.73
205436.89 549829.01 13.89
205436.89 549739.01 12.84
205436.89 549649.01 12.59
205436.89 549559.01 13.00
205436.89 549469.01 13.21
205436.89 549379.01 13.22
205436.89 549289.01 13.12
205436.89 549199.01 12.80
205436.89 549109.01 12.96
205436.89 549019.01 13.20
205436.89 548929.01 13.44
205436.89 548839.01 13.52
205436.89 548749.01 13.18
205436.89 548659.01 12.99
205436.89 548569.01 12.96
205436.89 548479.01 13.12
205436.89 548389.01 13.11
205436.89 548299.01 12.95
205436.89 548209.01 13.80
205436.89 548119.01 15.04
205436.89 548029.01 12.47
205436.89 547939.01 8.35
205436.89 547849.01 5.57
205436.89 547759.01 4.49
205436.89 547669.01 4.30
205436.89 547579.01 4.20
205436.89 547489.01 4.14
205436.89 547399.01 4.11
205436.89 547309.01 4.12
205436.89 547219.01 4.14
205436.89 547129.01 6.71
205436.89 547039.01 17.14
205526.89 550279.01 16.04
205526.89 550189.01 12.33
205526.89 550099.01 7.01
205526.89 550009.01 8.51
205526.89 549919.01 14.54
205526.89 549829.01 13.61
205526.89 549739.01 12.75
205526.89 549649.01 12.62
205526.89 549559.01 12.86
205526.89 549469.01 12.93
205526.89 549379.01 13.30
205526.89 549289.01 13.25
205526.89 549199.01 12.77
205526.89 549109.01 12.99
205526.89 549019.01 13.24
205526.89 548929.01 13.58
205526.89 548839.01 14.27
205526.89 548749.01 14.10
205526.89 548659.01 13.62
205526.89 548569.01 13.39
205526.89 548479.01 13.89
205526.89 548389.01 14.25
205526.89 548299.01 13.85
205526.89 548209.01 14.29
205526.89 548119.01 16.07
205526.89 548029.01 14.68
205526.89 547939.01 10.28
205526.89 547849.01 6.55
205526.89 547759.01 4.03
205526.89 547669.01 3.97
205526.89 547579.01 3.93
205526.89 547489.01 3.91
205526.89 547399.01 3.91
205526.89 547309.01 3.93
205526.89 547219.01 3.96
205526.89 547129.01 4.12
205526.89 547039.01 7.33
205616.89 550549.01 10.97
205616.89 550459.01 12.02
205616.89 550369.01 12.91
205616.89 550279.01 12.04
205616.89 550189.01 7.48
205616.89 550099.01 6.68
205616.89 550009.01 9.62
205616.89 549919.01 13.86
205616.89 549829.01 13.41
205616.89 549739.01 12.93
205616.89 549649.01 12.57
205616.89 549559.01 12.69
205616.89 549469.01 12.69
205616.89 549379.01 13.02
205616.89 549289.01 12.89
205616.89 549199.01 12.73
205616.89 549109.01 12.94
205616.89 549019.01 13.10
205616.89 548929.01 13.44
205616.89 548839.01 14.11
205616.89 548749.01 14.45
205616.89 548659.01 14.40
205616.89 548569.01 14.30
205616.89 548479.01 14.92
205616.89 548389.01 15.00
205616.89 548299.01 14.55
205616.89 548209.01 14.22
205616.89 548119.01 15.84
205616.89 548029.01 18.10
205616.89 547939.01 12.22
205616.89 547849.01 8.53
205616.89 547759.01 3.52
205616.89 547669.01 3.59
205616.89 547579.01 3.63
205616.89 547489.01 3.66
205616.89 547399.01 3.69
205616.89 547309.01 3.73
205616.89 547219.01 3.78
205616.89 547129.01 3.85
205616.89 547039.01 3.97
205706.89 550729.01 11.29
205706.89 550639.01 11.18
205706.89 550549.01 12.35
205706.89 550459.01 11.31
205706.89 550369.01 7.78
205706.89 550279.01 6.89
205706.89 550189.01 7.96
205706.89 550099.01 9.74
205706.89 550009.01 12.74
205706.89 549919.01 13.64
205706.89 549829.01 13.38
205706.89 549739.01 13.22
205706.89 549649.01 12.58
205706.89 549559.01 12.62
205706.89 549469.01 12.56
205706.89 549379.01 12.76
205706.89 549289.01 12.88
205706.89 549199.01 13.03
205706.89 549109.01 13.15
205706.89 549019.01 13.09
205706.89 548929.01 13.25
205706.89 548839.01 13.58
205706.89 548749.01 13.70
205706.89 548659.01 13.94
205706.89 548569.01 14.50
205706.89 548479.01 15.28
205706.89 548389.01 14.90
205706.89 548299.01 14.40
205706.89 548209.01 14.66
205706.89 548119.01 17.01
205706.89 548029.01 19.12
205706.89 547939.01 13.36
205706.89 547849.01 9.38
205706.89 547759.01 3.08
205706.89 547669.01 3.25
205706.89 547579.01 3.35
205706.89 547489.01 3.42
205706.89 547399.01 3.48
205706.89 547309.01 3.55
205706.89 547219.01 3.62
205706.89 547129.01 3.70
205706.89 547039.01 3.76
205706.89 546949.01 3.65
205796.89 550999.01 11.69
205796.89 550909.01 11.51
205796.89 550819.01 10.71
205796.89 550729.01 10.19
205796.89 550639.01 11.61
205796.89 550549.01 11.41
205796.89 550459.01 7.56
205796.89 550369.01 7.34
205796.89 550279.01 9.22
205796.89 550189.01 12.76
205796.89 550099.01 13.27
205796.89 550009.01 13.36
205796.89 549919.01 13.68
205796.89 549829.01 13.43
205796.89 549739.01 12.95
205796.89 549649.01 12.79
205796.89 549559.01 12.66
205796.89 549469.01 12.66
205796.89 549379.01 13.01
205796.89 549289.01 13.01
205796.89 549199.01 13.00
205796.89 549109.01 13.11
205796.89 549019.01 13.20
205796.89 548929.01 13.39
205796.89 548839.01 13.52
205796.89 548749.01 13.45
205796.89 548659.01 13.59
205796.89 548569.01 14.21
205796.89 548479.01 15.50
205796.89 548389.01 15.40
205796.89 548299.01 14.77
205796.89 548209.01 14.93
205796.89 548119.01 16.35
205796.89 548029.01 16.51
205796.89 547939.01 14.01
205796.89 547849.01 10.12
205796.89 547759.01 3.52
205796.89 547669.01 2.99
205796.89 547579.01 3.11
205796.89 547489.01 3.21
205796.89 547399.01 3.31
205796.89 547309.01 3.41
205796.89 547219.01 3.51
205796.89 547129.01 3.61
205796.89 547039.01 3.71
205796.89 546949.01 3.66
205886.89 551179.01 12.77
205886.89 551089.01 12.39
205886.89 550999.01 11.70
205886.89 550909.01 11.73
205886.89 550819.01 10.13
205886.89 550729.01 8.36
205886.89 550639.01 9.24
205886.89 550549.01 8.90
205886.89 550459.01 9.74
205886.89 550369.01 11.52
205886.89 550279.01 13.57
205886.89 550189.01 14.34
205886.89 550099.01 12.79
205886.89 550009.01 13.07
205886.89 549919.01 13.53
205886.89 549829.01 13.47
205886.89 549739.01 13.28
205886.89 549649.01 13.07
205886.89 549559.01 12.85
205886.89 549469.01 12.69
205886.89 549379.01 12.96
205886.89 549289.01 13.09
205886.89 549199.01 13.09
205886.89 549109.01 13.19
205886.89 549019.01 13.28
205886.89 548929.01 13.46
205886.89 548839.01 13.44
205886.89 548749.01 13.48
205886.89 548659.01 13.60
205886.89 548569.01 14.00
205886.89 548479.01 15.19
205886.89 548389.01 15.74
205886.89 548299.01 15.75
205886.89 548209.01 15.95
205886.89 548119.01 16.09
205886.89 548029.01 15.49
205886.89 547939.01 15.54
205886.89 547849.01 11.52
205886.89 547759.01 6.22
205886.89 547669.01 2.89
205886.89 547579.01 2.90
205886.89 547489.01 3.04
205886.89 547399.01 3.17
205886.89 547309.01 3.30
205886.89 547219.01 3.43
205886.89 547129.01 3.57
205886.89 547039.01 3.74
205886.89 546949.01 3.80
205976.89 551359.01 12.64
205976.89 551269.01 12.54
205976.89 551179.01 12.67
205976.89 551089.01 13.08
205976.89 550999.01 13.42
205976.89 550909.01 12.00
205976.89 550819.01 9.53
205976.89 550729.01 8.16
205976.89 550639.01 11.40
205976.89 550549.01 14.43
205976.89 550459.01 15.60
205976.89 550369.01 16.21
205976.89 550279.01 16.26
205976.89 550189.01 13.48
205976.89 550099.01 12.96
205976.89 550009.01 13.22
205976.89 549919.01 13.75
205976.89 549829.01 13.80
205976.89 549739.01 14.03
205976.89 549649.01 13.76
205976.89 549559.01 13.31
205976.89 549469.01 12.95
205976.89 549379.01 12.82
205976.89 549289.01 13.16
205976.89 549199.01 13.30
205976.89 549109.01 13.30
205976.89 549019.01 13.47
205976.89 548929.01 13.39
205976.89 548839.01 13.43
205976.89 548749.01 13.43
205976.89 548659.01 13.61
205976.89 548569.01 13.87
205976.89 548479.01 14.46
205976.89 548389.01 14.87
205976.89 548299.01 15.71
205976.89 548209.01 17.01
205976.89 548119.01 16.31
205976.89 548029.01 15.22
205976.89 547939.01 16.49
205976.89 547849.01 13.67
205976.89 547759.01 9.07
205976.89 547669.01 3.78
205976.89 547579.01 2.73
205976.89 547489.01 2.89
205976.89 547399.01 3.06
205976.89 547309.01 3.21
205976.89 547219.01 3.37
205976.89 547129.01 3.56
205976.89 547039.01 3.83
205976.89 546949.01 3.99
206066.89 551629.01 12.77
206066.89 551539.01 12.75
206066.89 551449.01 12.82
206066.89 551359.01 13.08
206066.89 551269.01 13.25
206066.89 551179.01 13.32
206066.89 551089.01 13.87
206066.89 550999.01 12.44
206066.89 550909.01 9.18
206066.89 550819.01 7.92
206066.89 550729.01 11.22
206066.89 550639.01 17.88
206066.89 550549.01 18.11
206066.89 550459.01 17.85
206066.89 550369.01 17.87
206066.89 550279.01 17.84
206066.89 550189.01 14.23
206066.89 550099.01 13.49
206066.89 550009.01 13.69
206066.89 549919.01 13.86
206066.89 549829.01 14.09
206066.89 549739.01 14.54
206066.89 549649.01 14.44
206066.89 549559.01 14.33
206066.89 549469.01 13.83
206066.89 549379.01 13.22
206066.89 549289.01 13.39
206066.89 549199.01 13.23
206066.89 549109.01 13.44
206066.89 549019.01 13.63
206066.89 548929.01 13.46
206066.89 548839.01 13.49
206066.89 548749.01 13.58
206066.89 548659.01 13.76
206066.89 548569.01 14.04
206066.89 548479.01 14.53
206066.89 548389.01 14.80
206066.89 548299.01 15.00
206066.89 548209.01 15.35
206066.89 548119.01 15.17
206066.89 548029.01 15.08
206066.89 547939.01 15.90
206066.89 547849.01 15.83
206066.89 547759.01 9.76
206066.89 547669.01 5.72
206066.89 547579.01 2.66
206066.89 547489.01 2.83
206066.89 547399.01 3.01
206066.89 547309.01 3.18
206066.89 547219.01 3.35
206066.89 547129.01 3.56
206066.89 547039.01 3.87
206066.89 546949.01 4.08
206066.89 546859.01 4.33
206156.89 551809.01 12.72
206156.89 551719.01 12.77
206156.89 551629.01 12.80
206156.89 551539.01 12.89
206156.89 551449.01 12.99
206156.89 551359.01 13.58
206156.89 551269.01 14.44
206156.89 551179.01 14.49
206156.89 551089.01 12.93
206156.89 550999.01 8.94
206156.89 550909.01 8.30
206156.89 550819.01 11.24
206156.89 550729.01 14.98
206156.89 550639.01 18.58
206156.89 550549.01 19.28
206156.89 550459.01 19.90
206156.89 550369.01 19.46
206156.89 550279.01 18.44
206156.89 550189.01 15.17
206156.89 550099.01 14.53
206156.89 550009.01 14.25
206156.89 549919.01 13.93
206156.89 549829.01 14.96
206156.89 549739.01 16.63
206156.89 549649.01 17.28
206156.89 549559.01 16.00
206156.89 549469.01 14.76
206156.89 549379.01 14.41
206156.89 549289.01 13.83
206156.89 549199.01 13.16
206156.89 549109.01 13.30
206156.89 549019.01 13.42
206156.89 548929.01 13.59
206156.89 548839.01 13.94
206156.89 548749.01 14.11
206156.89 548659.01 14.20
206156.89 548569.01 14.36
206156.89 548479.01 14.59
206156.89 548389.01 14.77
206156.89 548299.01 15.21
206156.89 548209.01 15.42
206156.89 548119.01 15.47
206156.89 548029.01 15.08
206156.89 547939.01 16.14
206156.89 547849.01 17.23
206156.89 547759.01 10.73
206156.89 547669.01 6.95
206156.89 547579.01 2.64
206156.89 547489.01 2.80
206156.89 547399.01 2.98
206156.89 547309.01 3.15
206156.89 547219.01 3.33
206156.89 547129.01 3.55
206156.89 547039.01 3.87
206156.89 546949.01 4.10
206156.89 546859.01 4.37
206246.89 552079.01 13.01
206246.89 551989.01 13.08
206246.89 551899.01 12.81
206246.89 551809.01 12.81
206246.89 551719.01 12.84
206246.89 551629.01 12.87
206246.89 551539.01 12.84
206246.89 551449.01 13.23
206246.89 551359.01 13.76
206246.89 551269.01 12.98
206246.89 551179.01 12.32
206246.89 551089.01 8.96
206246.89 550999.01 8.88
206246.89 550909.01 11.90
206246.89 550819.01 15.74
206246.89 550729.01 14.62
206246.89 550639.01 13.44
206246.89 550549.01 15.05
206246.89 550459.01 17.64
206246.89 550369.01 19.64
206246.89 550279.01 20.04
206246.89 550189.01 18.17
206246.89 550099.01 16.46
206246.89 550009.01 15.80
206246.89 549919.01 14.21
206246.89 549829.01 15.63
206246.89 549739.01 19.70
206246.89 549649.01 22.58
206246.89 549559.01 17.78
206246.89 549469.01 15.36
206246.89 549379.01 15.16
206246.89 549289.01 14.09
206246.89 549199.01 13.51
206246.89 549109.01 13.72
206246.89 549019.01 13.62
206246.89 548929.01 13.87
206246.89 548839.01 14.51
206246.89 548749.01 14.89
206246.89 548659.01 15.02
206246.89 548569.01 14.72
206246.89 548479.01 14.46
206246.89 548389.01 14.90
206246.89 548299.01 15.18
206246.89 548209.01 15.35
206246.89 548119.01 15.44
206246.89 548029.01 15.64
206246.89 547939.01 16.00
206246.89 547849.01 16.26
206246.89 547759.01 12.08
206246.89 547669.01 8.51
206246.89 547579.01 3.11
206246.89 547489.01 2.77
206246.89 547399.01 2.95
206246.89 547309.01 3.13
206246.89 547219.01 3.31
206246.89 547129.01 3.54
206246.89 547039.01 3.86
206246.89 546949.01 4.06
206246.89 546859.01 4.30
206336.89 552259.01 12.75
206336.89 552169.01 12.97
206336.89 552079.01 13.01
206336.89 551989.01 12.91
206336.89 551899.01 12.91
206336.89 551809.01 13.15
206336.89 551719.01 12.89
206336.89 551629.01 12.92
206336.89 551539.01 13.33
206336.89 551449.01 13.53
206336.89 551359.01 12.39
206336.89 551269.01 9.53
206336.89 551179.01 8.43
206336.89 551089.01 9.84
206336.89 550999.01 13.12
206336.89 550909.01 15.67
206336.89 550819.01 15.36
206336.89 550729.01 14.98
206336.89 550639.01 13.64
206336.89 550549.01 13.37
206336.89 550459.01 13.39
206336.89 550369.01 15.10
206336.89 550279.01 17.65
206336.89 550189.01 19.78
206336.89 550099.01 18.76
206336.89 550009.01 18.76
206336.89 549919.01 15.13
206336.89 549829.01 15.83
206336.89 549739.01 20.43
206336.89 549649.01 24.25
206336.89 549559.01 18.28
206336.89 549469.01 16.95
206336.89 549379.01 17.01
206336.89 549289.01 15.47
206336.89 549199.01 13.86
206336.89 549109.01 14.13
206336.89 549019.01 14.15
206336.89 548929.01 14.21
206336.89 548839.01 14.31
206336.89 548749.01 15.32
206336.89 548659.01 15.85
206336.89 548569.01 15.41
206336.89 548479.01 14.68
206336.89 548389.01 14.85
206336.89 548299.01 15.18
206336.89 548209.01 15.44
206336.89 548119.01 15.49
206336.89 548029.01 15.73
206336.89 547939.01 15.68
206336.89 547849.01 15.36
206336.89 547759.01 13.02
206336.89 547669.01 9.88
206336.89 547579.01 4.96
206336.89 547489.01 2.74
206336.89 547399.01 2.93
206336.89 547309.01 3.11
206336.89 547219.01 3.29
206336.89 547129.01 3.51
206336.89 547039.01 3.81
206336.89 546949.01 3.99
206336.89 546859.01 4.17
206336.89 546769.01 4.41
206426.89 552529.01 12.61
206426.89 552439.01 12.48
206426.89 552349.01 12.69
206426.89 552259.01 12.71
206426.89 552169.01 13.04
206426.89 552079.01 12.94
206426.89 551989.01 12.82
206426.89 551899.01 12.94
206426.89 551809.01 13.20
206426.89 551719.01 13.54
206426.89 551629.01 12.95
206426.89 551539.01 12.82
206426.89 551449.01 11.60
206426.89 551359.01 8.74
206426.89 551269.01 9.33
206426.89 551179.01 11.67
206426.89 551089.01 14.56
206426.89 550999.01 15.79
206426.89 550909.01 15.98
206426.89 550819.01 16.33
206426.89 550729.01 16.14
206426.89 550639.01 14.60
206426.89 550549.01 13.73
206426.89 550459.01 12.96
206426.89 550369.01 13.24
206426.89 550279.01 14.99
206426.89 550189.01 17.29
206426.89 550099.01 18.55
206426.89 550009.01 20.10
206426.89 549919.01 18.16
206426.89 549829.01 17.17
206426.89 549739.01 20.11
206426.89 549649.01 23.86
206426.89 549559.01 22.68
206426.89 549469.01 22.26
206426.89 549379.01 23.58
206426.89 549289.01 20.89
206426.89 549199.01 15.71
206426.89 549109.01 15.05
206426.89 549019.01 14.63
206426.89 548929.01 14.37
206426.89 548839.01 14.56
206426.89 548749.01 15.52
206426.89 548659.01 15.77
206426.89 548569.01 15.50
206426.89 548479.01 15.15
206426.89 548389.01 15.40
206426.89 548299.01 15.43
206426.89 548209.01 15.33
206426.89 548119.01 15.07
206426.89 548029.01 15.25
206426.89 547939.01 15.38
206426.89 547849.01 15.43
206426.89 547759.01 13.52
206426.89 547669.01 11.64
206426.89 547579.01 7.74
206426.89 547489.01 2.71
206426.89 547399.01 2.91
206426.89 547309.01 3.10
206426.89 547219.01 3.27
206426.89 547129.01 3.47
206426.89 547039.01 3.74
206426.89 546949.01 3.89
206426.89 546859.01 4.02
206426.89 546769.01 4.11
206516.89 552709.01 13.16
206516.89 552619.01 12.95
206516.89 552529.01 12.85
206516.89 552439.01 12.91
206516.89 552349.01 13.02
206516.89 552259.01 13.18
206516.89 552169.01 13.36
206516.89 552079.01 12.97
206516.89 551989.01 13.32
206516.89 551899.01 13.84
206516.89 551809.01 12.80
206516.89 551719.01 12.92
206516.89 551629.01 10.58
206516.89 551539.01 9.01
206516.89 551449.01 9.28
206516.89 551359.01 11.81
206516.89 551269.01 13.79
206516.89 551179.01 16.42
206516.89 551089.01 16.80
206516.89 550999.01 16.11
206516.89 550909.01 17.02
206516.89 550819.01 18.06
206516.89 550729.01 17.65
206516.89 550639.01 17.09
206516.89 550549.01 14.67
206516.89 550459.01 13.92
206516.89 550369.01 14.34
206516.89 550279.01 14.95
206516.89 550189.01 15.16
206516.89 550099.01 16.76
206516.89 550009.01 20.09
206516.89 549919.01 22.05
206516.89 549829.01 19.80
206516.89 549739.01 21.61
206516.89 549649.01 25.25
206516.89 549559.01 27.31
206516.89 549469.01 27.66
206516.89 549379.01 30.61
206516.89 549289.01 26.48
206516.89 549199.01 21.10
206516.89 549109.01 18.17
206516.89 549019.01 15.02
206516.89 548929.01 14.83
206516.89 548839.01 15.18
206516.89 548749.01 15.25
206516.89 548659.01 15.28
206516.89 548569.01 15.19
206516.89 548479.01 15.22
206516.89 548389.01 15.45
206516.89 548299.01 15.67
206516.89 548209.01 15.32
206516.89 548119.01 15.07
206516.89 548029.01 15.16
206516.89 547939.01 15.37
206516.89 547849.01 15.27
206516.89 547759.01 14.58
206516.89 547669.01 13.17
206516.89 547579.01 9.40
206516.89 547489.01 2.70
206516.89 547399.01 2.90
206516.89 547309.01 3.08
206516.89 547219.01 3.24
206516.89 547129.01 3.42
206516.89 547039.01 3.66
206516.89 546949.01 3.78
206516.89 546859.01 3.88
206516.89 546769.01 3.94
206606.89 552799.01 13.48
206606.89 552709.01 13.53
206606.89 552619.01 13.23
206606.89 552529.01 12.83
206606.89 552439.01 12.96
206606.89 552349.01 13.14
206606.89 552259.01 13.63
206606.89 552169.01 13.54
206606.89 552079.01 11.50
206606.89 551989.01 11.89
206606.89 551899.01 13.18
206606.89 551809.01 11.44
206606.89 551719.01 11.03
206606.89 551629.01 10.11
206606.89 551539.01 10.33
206606.89 551449.01 12.81
206606.89 551359.01 16.22
206606.89 551269.01 15.51
206606.89 551179.01 15.71
206606.89 551089.01 16.04
206606.89 550999.01 16.33
206606.89 550909.01 17.34
206606.89 550819.01 18.64
206606.89 550729.01 18.61
206606.89 550639.01 19.34
206606.89 550549.01 17.13
206606.89 550459.01 17.68
206606.89 550369.01 17.25
206606.89 550279.01 15.35
206606.89 550189.01 15.56
206606.89 550099.01 15.63
206606.89 550009.01 17.24
206606.89 549919.01 22.06
206606.89 549829.01 23.72
206606.89 549739.01 24.17
206606.89 549649.01 26.30
206606.89 549559.01 25.61
206606.89 549469.01 24.78
206606.89 549379.01 26.64
206606.89 549289.01 22.30
206606.89 549199.01 22.69
206606.89 549109.01 19.24
206606.89 549019.01 15.00
206606.89 548929.01 15.05
206606.89 548839.01 15.58
206606.89 548749.01 15.20
206606.89 548659.01 15.71
206606.89 548569.01 16.18
206606.89 548479.01 15.80
206606.89 548389.01 15.62
206606.89 548299.01 16.39
206606.89 548209.01 16.03
206606.89 548119.01 15.44
206606.89 548029.01 15.52
206606.89 547939.01 15.58
206606.89 547849.01 15.52
206606.89 547759.01 15.36
206606.89 547669.01 13.75
206606.89 547579.01 10.20
206606.89 547489.01 3.99
206606.89 547399.01 2.93
206606.89 547309.01 3.07
206606.89 547219.01 3.20
206606.89 547129.01 3.36
206606.89 547039.01 3.56
206606.89 546949.01 3.66
206606.89 546859.01 3.74
206606.89 546769.01 3.81
206696.89 552889.01 13.37
206696.89 552799.01 13.91
206696.89 552709.01 14.17
206696.89 552619.01 14.29
206696.89 552529.01 13.93
206696.89 552439.01 13.54
206696.89 552349.01 12.81
206696.89 552259.01 12.76
206696.89 552169.01 11.96
206696.89 552079.01 8.96
206696.89 551989.01 9.18
206696.89 551899.01 11.11
206696.89 551809.01 12.95
206696.89 551719.01 14.75
206696.89 551629.01 15.38
206696.89 551539.01 15.17
206696.89 551449.01 15.42
206696.89 551359.01 15.87
206696.89 551269.01 16.21
206696.89 551179.01 16.10
206696.89 551089.01 15.92
206696.89 550999.01 15.98
206696.89 550909.01 16.17
206696.89 550819.01 17.83
206696.89 550729.01 20.28
206696.89 550639.01 19.79
206696.89 550549.01 20.24
206696.89 550459.01 22.60
206696.89 550369.01 20.54
206696.89 550279.01 17.80
206696.89 550189.01 17.25
206696.89 550099.01 16.82
206696.89 550009.01 17.46
206696.89 549919.01 24.00
206696.89 549829.01 28.61
206696.89 549739.01 25.79
206696.89 549649.01 23.65
206696.89 549559.01 20.79
206696.89 549469.01 19.08
206696.89 549379.01 19.07
206696.89 549289.01 17.60
206696.89 549199.01 15.51
206696.89 549109.01 15.24
206696.89 549019.01 15.35
206696.89 548929.01 16.50
206696.89 548839.01 17.19
206696.89 548749.01 16.21
206696.89 548659.01 17.19
206696.89 548569.01 18.99
206696.89 548479.01 18.31
206696.89 548389.01 17.86
206696.89 548299.01 18.12
206696.89 548209.01 17.08
206696.89 548119.01 15.71
206696.89 548029.01 15.70
206696.89 547939.01 15.76
206696.89 547849.01 15.55
206696.89 547759.01 15.53
206696.89 547669.01 15.99
206696.89 547579.01 12.27
206696.89 547489.01 7.18
206696.89 547399.01 3.00
206696.89 547309.01 3.07
206696.89 547219.01 3.16
206696.89 547129.01 3.30
206696.89 547039.01 3.49
206696.89 546949.01 3.59
206696.89 546859.01 3.67
206696.89 546769.01 3.72
206696.89 546679.01 3.91
206786.89 552889.01 10.94
206786.89 552799.01 12.22
206786.89 552709.01 12.85
206786.89 552619.01 13.56
206786.89 552529.01 13.37
206786.89 552439.01 11.83
206786.89 552349.01 10.22
206786.89 552259.01 9.51
206786.89 552169.01 9.50
206786.89 552079.01 11.69
206786.89 551989.01 13.47
206786.89 551899.01 15.75
206786.89 551809.01 15.60
206786.89 551719.01 15.43
206786.89 551629.01 15.32
206786.89 551539.01 15.17
206786.89 551449.01 15.70
206786.89 551359.01 16.69
206786.89 551269.01 17.34
206786.89 551179.01 17.34
206786.89 551089.01 17.23
206786.89 550999.01 16.10
206786.89 550909.01 15.83
206786.89 550819.01 16.41
206786.89 550729.01 18.02
206786.89 550639.01 20.00
206786.89 550549.01 21.34
206786.89 550459.01 21.77
206786.89 550369.01 19.05
206786.89 550279.01 18.59
206786.89 550189.01 18.85
206786.89 550099.01 17.90
206786.89 550009.01 17.20
206786.89 549919.01 20.07
206786.89 549829.01 25.11
206786.89 549739.01 25.37
206786.89 549649.01 24.56
206786.89 549559.01 21.36
206786.89 549469.01 18.55
206786.89 549379.01 18.14
206786.89 549289.01 17.80
206786.89 549199.01 16.36
206786.89 549109.01 16.74
206786.89 549019.01 19.25
206786.89 548929.01 21.14
206786.89 548839.01 20.13
206786.89 548749.01 17.65
206786.89 548659.01 18.22
206786.89 548569.01 19.89
206786.89 548479.01 19.42
206786.89 548389.01 18.62
206786.89 548299.01 17.89
206786.89 548209.01 16.28
206786.89 548119.01 15.74
206786.89 548029.01 15.83
206786.89 547939.01 15.96
206786.89 547849.01 15.50
206786.89 547759.01 15.53
206786.89 547669.01 17.55
206786.89 547579.01 13.18
206786.89 547489.01 8.73
206786.89 547399.01 3.01
206786.89 547309.01 3.06
206786.89 547219.01 3.16
206786.89 547129.01 3.32
206786.89 547039.01 3.54
206786.89 546949.01 3.65
206786.89 546859.01 3.75
206786.89 546769.01 3.81
206786.89 546679.01 3.81
206876.89 552979.01 9.26
206876.89 552889.01 9.27
206876.89 552799.01 8.90
206876.89 552709.01 8.95
206876.89 552619.01 9.07
206876.89 552529.01 8.94
206876.89 552439.01 8.77
206876.89 552349.01 9.27
206876.89 552259.01 10.69
206876.89 552169.01 13.24
206876.89 552079.01 16.12
206876.89 551989.01 15.56
206876.89 551899.01 15.59
206876.89 551809.01 15.62
206876.89 551719.01 15.54
206876.89 551629.01 15.34
206876.89 551539.01 15.23
206876.89 551449.01 16.26
206876.89 551359.01 18.70
206876.89 551269.01 19.61
206876.89 551179.01 19.90
206876.89 551089.01 19.44
206876.89 550999.01 16.52
206876.89 550909.01 16.10
206876.89 550819.01 16.03
206876.89 550729.01 17.03
206876.89 550639.01 19.69
206876.89 550549.01 22.04
206876.89 550459.01 23.81
206876.89 550369.01 21.02
206876.89 550279.01 21.09
206876.89 550189.01 21.69
206876.89 550099.01 19.00
206876.89 550009.01 18.09
206876.89 549919.01 18.22
206876.89 549829.01 19.02
206876.89 549739.01 22.53
206876.89 549649.01 24.13
206876.89 549559.01 21.87
206876.89 549469.01 18.87
206876.89 549379.01 19.08
206876.89 549289.01 20.47
206876.89 549199.01 18.56
206876.89 549109.01 19.37
206876.89 549019.01 25.45
206876.89 548929.01 27.44
206876.89 548839.01 23.13
206876.89 548749.01 19.97
206876.89 548659.01 19.58
206876.89 548569.01 19.80
206876.89 548479.01 18.33
206876.89 548389.01 16.94
206876.89 548299.01 16.45
206876.89 548209.01 16.06
206876.89 548119.01 15.90
206876.89 548029.01 15.83
206876.89 547939.01 15.79
206876.89 547849.01 15.53
206876.89 547759.01 15.64
206876.89 547669.01 16.29
206876.89 547579.01 14.87
206876.89 547489.01 9.40
206876.89 547399.01 2.96
206876.89 547309.01 3.04
206876.89 547219.01 3.17
206876.89 547129.01 3.35
206876.89 547039.01 3.59
206876.89 546949.01 3.74
206876.89 546859.01 3.87
206876.89 546769.01 3.98
206876.89 546679.01 4.00
206966.89 552979.01 14.55
206966.89 552889.01 14.09
206966.89 552799.01 12.93
206966.89 552709.01 12.54
206966.89 552619.01 12.36
206966.89 552529.01 12.43
206966.89 552439.01 12.65
206966.89 552349.01 13.62
206966.89 552259.01 15.46
206966.89 552169.01 16.03
206966.89 552079.01 15.86
206966.89 551989.01 15.89
206966.89 551899.01 15.82
206966.89 551809.01 15.77
206966.89 551719.01 15.64
206966.89 551629.01 15.54
206966.89 551539.01 15.50
206966.89 551449.01 16.96
206966.89 551359.01 21.20
206966.89 551269.01 22.49
206966.89 551179.01 22.51
206966.89 551089.01 20.39
206966.89 550999.01 17.50
206966.89 550909.01 16.30
206966.89 550819.01 16.08
206966.89 550729.01 16.85
206966.89 550639.01 19.51
206966.89 550549.01 22.36
206966.89 550459.01 24.83
206966.89 550369.01 23.77
206966.89 550279.01 24.85
206966.89 550189.01 24.17
206966.89 550099.01 20.70
206966.89 550009.01 20.57
206966.89 549919.01 20.18
206966.89 549829.01 18.62
206966.89 549739.01 20.76
206966.89 549649.01 23.34
206966.89 549559.01 23.36
206966.89 549469.01 20.45
206966.89 549379.01 21.54
206966.89 549289.01 24.68
206966.89 549199.01 19.75
206966.89 549109.01 20.52
206966.89 549019.01 24.65
206966.89 548929.01 30.10
206966.89 548839.01 26.46
206966.89 548749.01 22.92
206966.89 548659.01 21.15
206966.89 548569.01 19.28
206966.89 548479.01 17.14
206966.89 548389.01 16.51
206966.89 548299.01 16.06
206966.89 548209.01 16.00
206966.89 548119.01 15.88
206966.89 548029.01 15.82
206966.89 547939.01 15.84
206966.89 547849.01 16.04
206966.89 547759.01 16.71
206966.89 547669.01 17.77
206966.89 547579.01 17.64
206966.89 547489.01 9.94
206966.89 547399.01 2.86
206966.89 547309.01 3.01
206966.89 547219.01 3.18
206966.89 547129.01 3.35
206966.89 547039.01 3.56
206966.89 546949.01 3.81
206966.89 546859.01 3.98
206966.89 546769.01 4.15
206966.89 546679.01 4.31
207056.89 552979.01 17.41
207056.89 552889.01 16.46
207056.89 552799.01 15.79
207056.89 552709.01 15.64
207056.89 552619.01 15.54
207056.89 552529.01 15.57
207056.89 552439.01 15.60
207056.89 552349.01 15.63
207056.89 552259.01 16.00
207056.89 552169.01 16.32
207056.89 552079.01 16.71
207056.89 551989.01 16.63
207056.89 551899.01 16.53
207056.89 551809.01 16.38
207056.89 551719.01 16.03
207056.89 551629.01 15.97
207056.89 551539.01 15.81
207056.89 551449.01 17.32
207056.89 551359.01 21.79
207056.89 551269.01 23.79
207056.89 551179.01 24.07
207056.89 551089.01 21.72
207056.89 550999.01 18.41
207056.89 550909.01 16.78
207056.89 550819.01 16.53
207056.89 550729.01 16.90
207056.89 550639.01 18.78
207056.89 550549.01 20.56
207056.89 550459.01 21.81
207056.89 550369.01 25.80
207056.89 550279.01 29.82
207056.89 550189.01 26.64
207056.89 550099.01 23.18
207056.89 550009.01 23.70
207056.89 549919.01 22.45
207056.89 549829.01 21.31
207056.89 549739.01 23.95
207056.89 549649.01 26.29
207056.89 549559.01 24.73
207056.89 549469.01 23.78
207056.89 549379.01 25.47
207056.89 549289.01 26.78
207056.89 549199.01 22.57
207056.89 549109.01 22.80
207056.89 549019.01 26.70
207056.89 548929.01 30.63
207056.89 548839.01 27.13
207056.89 548749.01 23.54
207056.89 548659.01 21.27
207056.89 548569.01 19.22
207056.89 548479.01 17.15
207056.89 548389.01 16.46
207056.89 548299.01 16.16
207056.89 548209.01 16.09
207056.89 548119.01 15.95
207056.89 548029.01 15.89
207056.89 547939.01 15.92
207056.89 547849.01 16.51
207056.89 547759.01 17.93
207056.89 547669.01 18.90
207056.89 547579.01 18.31
207056.89 547489.01 10.10
207056.89 547399.01 2.78
207056.89 547309.01 2.99
207056.89 547219.01 3.18
207056.89 547129.01 3.32
207056.89 547039.01 3.50
207056.89 546949.01 3.86
207056.89 546859.01 4.05
207056.89 546769.01 4.27
207056.89 546679.01 4.56
207056.89 546589.01 5.88
207146.89 552979.01 16.24
207146.89 552889.01 16.90
207146.89 552799.01 16.91
207146.89 552709.01 17.17
207146.89 552619.01 17.04
207146.89 552529.01 16.48
207146.89 552439.01 16.55
207146.89 552349.01 16.79
207146.89 552259.01 17.10
207146.89 552169.01 17.43
207146.89 552079.01 18.02
207146.89 551989.01 18.17
207146.89 551899.01 18.13
207146.89 551809.01 17.73
207146.89 551719.01 16.88
207146.89 551629.01 16.42
207146.89 551539.01 16.15
207146.89 551449.01 17.43
207146.89 551359.01 21.14
207146.89 551269.01 23.45
207146.89 551179.01 24.12
207146.89 551089.01 21.62
207146.89 550999.01 19.17
207146.89 550909.01 18.36
207146.89 550819.01 17.63
207146.89 550729.01 16.97
207146.89 550639.01 17.30
207146.89 550549.01 18.39
207146.89 550459.01 21.35
207146.89 550369.01 26.65
207146.89 550279.01 31.59
207146.89 550189.01 30.80
207146.89 550099.01 26.21
207146.89 550009.01 26.29
207146.89 549919.01 23.46
207146.89 549829.01 23.48
207146.89 549739.01 28.77
207146.89 549649.01 32.09
207146.89 549559.01 27.10
207146.89 549469.01 27.20
207146.89 549379.01 29.94
207146.89 549289.01 29.66
207146.89 549199.01 27.26
207146.89 549109.01 26.90
207146.89 549019.01 28.61
207146.89 548929.01 28.66
207146.89 548839.01 25.44
207146.89 548749.01 21.79
207146.89 548659.01 19.61
207146.89 548569.01 18.82
207146.89 548479.01 17.20
207146.89 548389.01 16.36
207146.89 548299.01 16.22
207146.89 548209.01 16.36
207146.89 548119.01 16.37
207146.89 548029.01 16.28
207146.89 547939.01 16.25
207146.89 547849.01 16.91
207146.89 547759.01 18.64
207146.89 547669.01 19.22
207146.89 547579.01 17.65
207146.89 547489.01 9.69
207146.89 547399.01 2.74
207146.89 547309.01 3.00
207146.89 547219.01 3.20
207146.89 547129.01 3.32
207146.89 547039.01 3.52
207146.89 546949.01 3.90
207146.89 546859.01 4.10
207146.89 546769.01 4.35
207146.89 546679.01 4.68
207146.89 546589.01 5.79
207236.89 552979.01 17.43
207236.89 552889.01 18.16
207236.89 552799.01 18.04
207236.89 552709.01 18.45
207236.89 552619.01 18.16
207236.89 552529.01 17.57
207236.89 552439.01 17.99
207236.89 552349.01 18.47
207236.89 552259.01 18.56
207236.89 552169.01 18.80
207236.89 552079.01 19.37
207236.89 551989.01 19.59
207236.89 551899.01 19.46
207236.89 551809.01 19.06
207236.89 551719.01 18.21
207236.89 551629.01 16.95
207236.89 551539.01 16.78
207236.89 551449.01 17.18
207236.89 551359.01 19.20
207236.89 551269.01 21.56
207236.89 551179.01 23.97
207236.89 551089.01 22.81
207236.89 550999.01 21.54
207236.89 550909.01 21.50
207236.89 550819.01 19.90
207236.89 550729.01 18.05
207236.89 550639.01 17.86
207236.89 550549.01 18.62
207236.89 550459.01 21.72
207236.89 550369.01 25.70
207236.89 550279.01 28.03
207236.89 550189.01 33.01
207236.89 550099.01 31.50
207236.89 550009.01 30.30
207236.89 549919.01 25.36
207236.89 549829.01 26.87
207236.89 549739.01 30.62
207236.89 549649.01 36.35
207236.89 549559.01 31.72
207236.89 549469.01 27.78
207236.89 549379.01 29.22
207236.89 549289.01 29.70
207236.89 549199.01 28.06
207236.89 549109.01 26.48
207236.89 549019.01 25.81
207236.89 548929.01 25.71
207236.89 548839.01 25.36
207236.89 548749.01 23.10
207236.89 548659.01 19.47
207236.89 548569.01 18.06
207236.89 548479.01 16.67
207236.89 548389.01 16.50
207236.89 548299.01 16.58
207236.89 548209.01 16.90
207236.89 548119.01 16.85
207236.89 548029.01 16.71
207236.89 547939.01 16.90
207236.89 547849.01 17.73
207236.89 547759.01 19.78
207236.89 547669.01 20.14
207236.89 547579.01 17.94
207236.89 547489.01 9.65
207236.89 547399.01 2.78
207236.89 547309.01 3.04
207236.89 547219.01 3.26
207236.89 547129.01 3.32
207236.89 547039.01 3.54
207236.89 546949.01 3.92
207236.89 546859.01 4.13
207236.89 546769.01 4.37
207236.89 546679.01 4.69
207326.89 552979.01 20.04
207326.89 552889.01 21.41
207326.89 552799.01 21.49
207326.89 552709.01 21.88
207326.89 552619.01 21.40
207326.89 552529.01 21.89
207326.89 552439.01 22.00
207326.89 552349.01 21.52
207326.89 552259.01 21.65
207326.89 552169.01 21.46
207326.89 552079.01 21.45
207326.89 551989.01 22.54
207326.89 551899.01 22.26
207326.89 551809.01 21.24
207326.89 551719.01 20.34
207326.89 551629.01 19.30
207326.89 551539.01 18.81
207326.89 551449.01 18.10
207326.89 551359.01 17.85
207326.89 551269.01 19.07
207326.89 551179.01 21.67
207326.89 551089.01 23.69
207326.89 550999.01 24.70
207326.89 550909.01 25.55
207326.89 550819.01 23.85
207326.89 550729.01 21.51
207326.89 550639.01 19.77
207326.89 550549.01 19.44
207326.89 550459.01 19.75
207326.89 550369.01 21.70
207326.89 550279.01 26.03
207326.89 550189.01 31.65
207326.89 550099.01 34.01
207326.89 550009.01 33.81
207326.89 549919.01 30.43
207326.89 549829.01 30.87
207326.89 549739.01 31.46
207326.89 549649.01 35.44
207326.89 549559.01 30.04
207326.89 549469.01 24.91
207326.89 549379.01 25.24
207326.89 549289.01 26.00
207326.89 549199.01 24.39
207326.89 549109.01 21.79
207326.89 549019.01 21.99
207326.89 548929.01 21.85
207326.89 548839.01 22.89
207326.89 548749.01 22.68
207326.89 548659.01 19.53
207326.89 548569.01 18.13
207326.89 548479.01 17.31
207326.89 548389.01 17.21
207326.89 548299.01 17.68
207326.89 548209.01 18.10
207326.89 548119.01 18.21
207326.89 548029.01 17.68
207326.89 547939.01 17.62
207326.89 547849.01 18.53
207326.89 547759.01 20.96
207326.89 547669.01 21.86
207326.89 547579.01 18.82
207326.89 547489.01 9.29
207326.89 547399.01 2.88
207326.89 547309.01 3.14
207326.89 547219.01 3.27
207326.89 547129.01 3.29
207326.89 547039.01 3.55
207326.89 546949.01 3.94
207326.89 546859.01 4.12
207326.89 546769.01 4.31
207326.89 546679.01 4.52
207416.89 552979.01 24.40
207416.89 552889.01 27.33
207416.89 552799.01 28.91
207416.89 552709.01 29.17
207416.89 552619.01 28.88
207416.89 552529.01 31.50
207416.89 552439.01 29.83
207416.89 552349.01 26.90
207416.89 552259.01 27.82
207416.89 552169.01 26.89
207416.89 552079.01 26.01
207416.89 551989.01 28.36
207416.89 551899.01 27.06
207416.89 551809.01 24.47
207416.89 551719.01 23.08
207416.89 551629.01 23.15
207416.89 551539.01 22.19
207416.89 551449.01 20.97
207416.89 551359.01 19.37
207416.89 551269.01 19.36
207416.89 551179.01 19.61
207416.89 551089.01 20.98
207416.89 550999.01 25.28
207416.89 550909.01 28.75
207416.89 550819.01 29.21
207416.89 550729.01 27.73
207416.89 550639.01 23.65
207416.89 550549.01 22.59
207416.89 550459.01 21.26
207416.89 550369.01 20.98
207416.89 550279.01 22.61
207416.89 550189.01 25.83
207416.89 550099.01 28.82
207416.89 550009.01 30.96
207416.89 549919.01 33.46
207416.89 549829.01 30.98
207416.89 549739.01 28.38
207416.89 549649.01 26.06
207416.89 549559.01 24.34
207416.89 549469.01 22.94
207416.89 549379.01 21.85
207416.89 549289.01 20.92
207416.89 549199.01 19.60
207416.89 549109.01 19.10
207416.89 549019.01 18.73
207416.89 548929.01 18.39
207416.89 548839.01 18.10
207416.89 548749.01 17.83
207416.89 548659.01 17.86
207416.89 548569.01 18.90
207416.89 548479.01 19.87
207416.89 548389.01 19.42
207416.89 548299.01 20.18
207416.89 548209.01 20.88
207416.89 548119.01 20.65
207416.89 548029.01 19.34
207416.89 547939.01 18.48
207416.89 547849.01 19.31
207416.89 547759.01 21.92
207416.89 547669.01 22.49
207416.89 547579.01 18.28
207416.89 547489.01 8.40
207416.89 547399.01 3.05
207416.89 547309.01 3.26
207416.89 547219.01 3.27
207416.89 547129.01 3.27
207416.89 547039.01 3.57
207416.89 546949.01 3.96
207416.89 546859.01 4.09
207416.89 546769.01 4.19
207506.89 552979.01 28.68
207506.89 552889.01 31.30
207506.89 552799.01 35.16
207506.89 552709.01 37.22
207506.89 552619.01 39.04
207506.89 552529.01 41.59
207506.89 552439.01 36.88
207506.89 552349.01 33.66
207506.89 552259.01 34.92
207506.89 552169.01 32.73
207506.89 552079.01 30.73
207506.89 551989.01 32.05
207506.89 551899.01 30.32
207506.89 551809.01 27.75
207506.89 551719.01 26.49
207506.89 551629.01 26.37
207506.89 551539.01 25.61
207506.89 551449.01 24.05
207506.89 551359.01 21.63
207506.89 551269.01 20.67
207506.89 551179.01 20.33
207506.89 551089.01 20.44
207506.89 550999.01 22.31
207506.89 550909.01 26.34
207506.89 550819.01 30.16
207506.89 550729.01 30.61
207506.89 550639.01 26.86
207506.89 550549.01 25.81
207506.89 550459.01 24.31
207506.89 550369.01 22.71
207506.89 550279.01 23.07
207506.89 550189.01 25.24
207506.89 550099.01 28.19
207506.89 550009.01 29.77
207506.89 549919.01 30.52
207506.89 549829.01 31.28
207506.89 549739.01 27.99
207506.89 549649.01 26.01
207506.89 549559.01 23.46
207506.89 549469.01 22.43
207506.89 549379.01 21.55
207506.89 549289.01 20.57
207506.89 549199.01 19.48
207506.89 549109.01 19.13
207506.89 549019.01 19.15
207506.89 548929.01 19.28
207506.89 548839.01 18.56
207506.89 548749.01 18.05
207506.89 548659.01 18.21
207506.89 548569.01 20.20
207506.89 548479.01 23.30
207506.89 548389.01 22.46
207506.89 548299.01 23.29
207506.89 548209.01 24.64
207506.89 548119.01 21.87
207506.89 548029.01 20.78
207506.89 547939.01 20.29
207506.89 547849.01 20.81
207506.89 547759.01 22.27
207506.89 547669.01 21.79
207506.89 547579.01 17.14
207506.89 547489.01 7.98
207506.89 547399.01 3.21
207506.89 547309.01 3.30
207506.89 547219.01 3.30
207506.89 547129.01 3.29
207506.89 547039.01 3.57
207506.89 546949.01 3.97
207506.89 546859.01 4.06
207506.89 546769.01 4.12
207596.89 552979.01 35.70
207596.89 552889.01 37.92
207596.89 552799.01 41.92
207596.89 552709.01 46.26
207596.89 552619.01 52.21
207596.89 552529.01 48.29
207596.89 552439.01 45.53
207596.89 552349.01 44.22
207596.89 552259.01 44.40
207596.89 552169.01 40.39
207596.89 552079.01 34.30
207596.89 551989.01 36.67
207596.89 551899.01 35.59
207596.89 551809.01 33.76
207596.89 551719.01 32.59
207596.89 551629.01 32.26
207596.89 551539.01 31.18
207596.89 551449.01 28.54
207596.89 551359.01 24.67
207596.89 551269.01 22.70
207596.89 551179.01 21.61
207596.89 551089.01 21.28
207596.89 550999.01 21.81
207596.89 550909.01 23.63
207596.89 550819.01 26.66
207596.89 550729.01 29.53
207596.89 550639.01 29.91
207596.89 550549.01 29.04
207596.89 550459.01 27.91
207596.89 550369.01 25.69
207596.89 550279.01 24.89
207596.89 550189.01 26.32
207596.89 550099.01 29.64
207596.89 550009.01 29.84
207596.89 549919.01 27.57
207596.89 549829.01 25.72
207596.89 549739.01 24.68
207596.89 549649.01 24.07
207596.89 549559.01 23.50
207596.89 549469.01 22.40
207596.89 549379.01 21.41
207596.89 549289.01 20.75
207596.89 549199.01 20.48
207596.89 549109.01 20.65
207596.89 549019.01 21.07
207596.89 548929.01 21.34
207596.89 548839.01 20.14
207596.89 548749.01 18.88
207596.89 548659.01 19.47
207596.89 548569.01 21.81
207596.89 548479.01 24.13
207596.89 548389.01 23.67
207596.89 548299.01 24.39
207596.89 548209.01 27.90
207596.89 548119.01 24.51
207596.89 548029.01 21.84
207596.89 547939.01 21.67
207596.89 547849.01 21.84
207596.89 547759.01 21.82
207596.89 547669.01 21.42
207596.89 547579.01 16.69
207596.89 547489.01 6.70
207596.89 547399.01 3.30
207596.89 547309.01 3.33
207596.89 547219.01 3.36
207596.89 547129.01 3.35
207596.89 547039.01 3.61
207596.89 546949.01 4.00
207596.89 546859.01 4.07
207686.89 552979.01 45.89
207686.89 552889.01 51.28
207686.89 552799.01 54.28
207686.89 552709.01 56.41
207686.89 552619.01 60.22
207686.89 552529.01 54.95
207686.89 552439.01 57.41
207686.89 552349.01 57.18
207686.89 552259.01 56.66
207686.89 552169.01 51.50
207686.89 552079.01 44.57
207686.89 551989.01 48.24
207686.89 551899.01 49.46
207686.89 551809.01 44.46
207686.89 551719.01 40.06
207686.89 551629.01 38.92
207686.89 551539.01 37.52
207686.89 551449.01 33.60
207686.89 551359.01 28.17
207686.89 551269.01 26.08
207686.89 551179.01 23.69
207686.89 551089.01 22.33
207686.89 550999.01 22.52
207686.89 550909.01 23.60
207686.89 550819.01 24.92
207686.89 550729.01 27.21
207686.89 550639.01 30.23
207686.89 550549.01 31.20
207686.89 550459.01 31.39
207686.89 550369.01 29.01
207686.89 550279.01 27.62
207686.89 550189.01 28.68
207686.89 550099.01 31.83
207686.89 550009.01 30.96
207686.89 549919.01 27.40
207686.89 549829.01 25.13
207686.89 549739.01 24.58
207686.89 549649.01 24.05
207686.89 549559.01 23.57
207686.89 549469.01 22.95
207686.89 549379.01 22.31
207686.89 549289.01 22.08
207686.89 549199.01 22.07
207686.89 549109.01 22.44
207686.89 549019.01 22.40
207686.89 548929.01 21.75
207686.89 548839.01 20.43
207686.89 548749.01 19.58
207686.89 548659.01 21.73
207686.89 548569.01 24.20
207686.89 548479.01 23.88
207686.89 548389.01 25.13
207686.89 548299.01 25.47
207686.89 548209.01 27.62
207686.89 548119.01 26.13
207686.89 548029.01 24.15
207686.89 547939.01 23.14
207686.89 547849.01 22.05
207686.89 547759.01 21.02
207686.89 547669.01 19.40
207686.89 547579.01 16.03
207686.89 547489.01 5.00
207686.89 547399.01 3.28
207686.89 547309.01 3.30
207686.89 547219.01 3.32
207686.89 547129.01 3.31
207686.89 547039.01 3.64
207686.89 546949.01 4.08
207776.89 552979.01 55.41
207776.89 552889.01 64.04
207776.89 552799.01 66.43
207776.89 552709.01 65.36
207776.89 552619.01 68.60
207776.89 552529.01 73.85
207776.89 552439.01 76.63
207776.89 552349.01 73.89
207776.89 552259.01 71.81
207776.89 552169.01 67.32
207776.89 552079.01 61.84
207776.89 551989.01 60.87
207776.89 551899.01 66.60
207776.89 551809.01 57.83
207776.89 551719.01 53.56
207776.89 551629.01 51.64
207776.89 551539.01 48.92
207776.89 551449.01 42.35
207776.89 551359.01 34.82
207776.89 551269.01 30.80
207776.89 551179.01 26.08
207776.89 551089.01 23.65
207776.89 550999.01 23.50
207776.89 550909.01 24.86
207776.89 550819.01 25.86
207776.89 550729.01 27.42
207776.89 550639.01 29.68
207776.89 550549.01 31.82
207776.89 550459.01 33.63
207776.89 550369.01 32.64
207776.89 550279.01 31.45
207776.89 550189.01 31.97
207776.89 550099.01 33.05
207776.89 550009.01 30.00
207776.89 549919.01 26.38
207776.89 549829.01 25.25
207776.89 549739.01 24.79
207776.89 549649.01 24.33
207776.89 549559.01 24.25
207776.89 549469.01 24.09
207776.89 549379.01 23.98
207776.89 549289.01 23.80
207776.89 549199.01 23.49
207776.89 549109.01 23.07
207776.89 549019.01 22.12
207776.89 548929.01 20.89
207776.89 548839.01 20.02
207776.89 548749.01 20.40
207776.89 548659.01 22.71
207776.89 548569.01 24.71
207776.89 548479.01 27.42
207776.89 548389.01 31.02
207776.89 548299.01 30.18
207776.89 548209.01 29.23
207776.89 548119.01 27.99
207776.89 548029.01 27.98
207776.89 547939.01 25.47
207776.89 547849.01 23.10
207776.89 547759.01 20.43
207776.89 547669.01 16.88
207776.89 547579.01 11.71
207776.89 547489.01 4.90
207776.89 547399.01 3.28
207776.89 547309.01 3.29
207776.89 547219.01 3.28
207776.89 547129.01 3.32
207776.89 547039.01 3.71
207866.89 552979.01 61.42
207866.89 552889.01 68.96
207866.89 552799.01 73.17
207866.89 552709.01 74.78
207866.89 552619.01 83.18
207866.89 552529.01 95.93
207866.89 552439.01 105.64
207866.89 552349.01 101.60
207866.89 552259.01 96.24
207866.89 552169.01 94.25
207866.89 552079.01 73.41
207866.89 551989.01 69.28
207866.89 551899.01 76.36
207866.89 551809.01 74.82
207866.89 551719.01 76.32
207866.89 551629.01 72.64
207866.89 551539.01 73.47
207866.89 551449.01 61.62
207866.89 551359.01 45.04
207866.89 551269.01 36.47
207866.89 551179.01 29.85
207866.89 551089.01 25.54
207866.89 550999.01 24.94
207866.89 550909.01 26.39
207866.89 550819.01 27.40
207866.89 550729.01 28.73
207866.89 550639.01 30.71
207866.89 550549.01 32.58
207866.89 550459.01 35.01
207866.89 550369.01 35.45
207866.89 550279.01 34.47
207866.89 550189.01 32.86
207866.89 550099.01 31.10
207866.89 550009.01 28.27
207866.89 549919.01 25.96
207866.89 549829.01 25.65
207866.89 549739.01 25.48
207866.89 549649.01 25.72
207866.89 549559.01 25.58
207866.89 549469.01 25.38
207866.89 549379.01 25.67
207866.89 549289.01 24.85
207866.89 549199.01 23.40
207866.89 549109.01 22.69
207866.89 549019.01 22.03
207866.89 548929.01 21.18
207866.89 548839.01 20.44
207866.89 548749.01 21.15
207866.89 548659.01 22.65
207866.89 548569.01 23.95
207866.89 548479.01 27.77
207866.89 548389.01 31.71
207866.89 548299.01 32.36
207866.89 548209.01 31.58
207866.89 548119.01 30.41
207866.89 548029.01 30.14
207866.89 547939.01 27.74
207866.89 547849.01 23.33
207866.89 547759.01 18.32
207866.89 547669.01 15.90
207866.89 547579.01 6.94
207866.89 547489.01 4.25
207866.89 547399.01 3.57
207866.89 547309.01 3.30
207866.89 547219.01 3.27
207866.89 547129.01 3.35
207956.89 552979.01 70.03
207956.89 552889.01 78.85
207956.89 552799.01 77.58
207956.89 552709.01 79.29
207956.89 552619.01 89.67
207956.89 552529.01 113.30
207956.89 552439.01 144.47
207956.89 552349.01 137.94
207956.89 552259.01 125.23
207956.89 552169.01 126.27
207956.89 552079.01 89.18
207956.89 551989.01 87.80
207956.89 551899.01 94.62
207956.89 551809.01 102.90
207956.89 551719.01 98.17
207956.89 551629.01 96.62
207956.89 551539.01 104.05
207956.89 551449.01 85.49
207956.89 551359.01 53.74
207956.89 551269.01 43.18
207956.89 551179.01 34.20
207956.89 551089.01 27.93
207956.89 550999.01 26.91
207956.89 550909.01 28.25
207956.89 550819.01 29.36
207956.89 550729.01 31.05
207956.89 550639.01 33.47
207956.89 550549.01 34.03
207956.89 550459.01 36.14
207956.89 550369.01 37.58
207956.89 550279.01 35.24
207956.89 550189.01 31.68
207956.89 550099.01 29.77
207956.89 550009.01 28.68
207956.89 549919.01 27.29
207956.89 549829.01 27.44
207956.89 549739.01 27.72
207956.89 549649.01 28.37
207956.89 549559.01 28.25
207956.89 549469.01 27.70
207956.89 549379.01 26.00
207956.89 549289.01 25.35
207956.89 549199.01 24.88
207956.89 549109.01 23.85
207956.89 549019.01 23.58
207956.89 548929.01 22.30
207956.89 548839.01 21.54
207956.89 548749.01 22.85
207956.89 548659.01 24.18
207956.89 548569.01 23.69
207956.89 548479.01 21.21
207956.89 548389.01 22.83
207956.89 548299.01 26.91
207956.89 548209.01 29.80
207956.89 548119.01 29.63
207956.89 548029.01 28.53
207956.89 547939.01 26.45
207956.89 547849.01 22.18
207956.89 547759.01 15.96
207956.89 547669.01 10.48
207956.89 547579.01 6.29
207956.89 547489.01 5.74
207956.89 547399.01 4.86
207956.89 547309.01 4.08
207956.89 547219.01 3.41
208046.89 552979.01 81.84
208046.89 552889.01 100.08
208046.89 552799.01 119.38
208046.89 552709.01 125.28
208046.89 552619.01 114.18
208046.89 552529.01 129.06
208046.89 552439.01 171.44
208046.89 552349.01 180.82
208046.89 552259.01 173.64
208046.89 552169.01 156.49
208046.89 552079.01 122.93
208046.89 551989.01 122.81
208046.89 551899.01 120.25
208046.89 551809.01 143.58
208046.89 551719.01 137.92
208046.89 551629.01 128.19
208046.89 551539.01 126.38
208046.89 551449.01 101.90
208046.89 551359.01 67.70
208046.89 551269.01 60.10
208046.89 551179.01 45.71
208046.89 551089.01 33.07
208046.89 550999.01 29.15
208046.89 550909.01 31.24
208046.89 550819.01 33.22
208046.89 550729.01 36.26
208046.89 550639.01 37.55
208046.89 550549.01 37.62
208046.89 550459.01 38.22
208046.89 550369.01 37.68
208046.89 550279.01 34.90
208046.89 550189.01 33.12
208046.89 550099.01 33.49
208046.89 550009.01 32.25
208046.89 549919.01 31.20
208046.89 549829.01 33.19
208046.89 549739.01 34.50
208046.89 549649.01 32.91
208046.89 549559.01 32.11
208046.89 549469.01 30.74
208046.89 549379.01 24.96
208046.89 549289.01 24.64
208046.89 549199.01 25.22
208046.89 549109.01 23.94
208046.89 549019.01 24.04
208046.89 548929.01 21.95
208046.89 548839.01 21.86
208046.89 548749.01 23.03
208046.89 548659.01 22.49
208046.89 548569.01 21.67
208046.89 548479.01 19.17
208046.89 548389.01 18.88
208046.89 548299.01 21.58
208046.89 548209.01 23.52
208046.89 548119.01 22.72
208046.89 548029.01 21.24
208046.89 547939.01 22.10
208046.89 547849.01 15.95
208046.89 547759.01 8.00
208046.89 547669.01 6.33
208046.89 547579.01 6.33
208046.89 547489.01 6.36
208046.89 547399.01 6.39
208046.89 547309.01 5.90
208046.89 547219.01 4.46
208136.89 552979.01 91.61
208136.89 552889.01 125.26
208136.89 552799.01 191.14
208136.89 552709.01 219.17
208136.89 552619.01 195.71
208136.89 552529.01 168.46
208136.89 552439.01 183.55
208136.89 552349.01 216.60
208136.89 552259.01 225.15
208136.89 552169.01 193.97
208136.89 552079.01 167.42
208136.89 551989.01 172.92
208136.89 551899.01 170.23
208136.89 551809.01 193.70
208136.89 551719.01 194.41
208136.89 551629.01 163.32
208136.89 551539.01 151.52
208136.89 551449.01 134.67
208136.89 551359.01 101.95
208136.89 551269.01 85.90
208136.89 551179.01 63.86
208136.89 551089.01 43.33
208136.89 550999.01 33.20
208136.89 550909.01 36.31
208136.89 550819.01 40.23
208136.89 550729.01 44.56
208136.89 550639.01 43.62
208136.89 550549.01 42.37
208136.89 550459.01 39.14
208136.89 550369.01 36.09
208136.89 550279.01 35.38
208136.89 550189.01 38.44
208136.89 550099.01 41.55
208136.89 550009.01 40.75
208136.89 549919.01 37.34
208136.89 549829.01 41.29
208136.89 549739.01 43.83
208136.89 549649.01 37.65
208136.89 549559.01 35.18
208136.89 549469.01 31.59
208136.89 549379.01 23.80
208136.89 549289.01 20.83
208136.89 549199.01 19.23
208136.89 549109.01 19.56
208136.89 549019.01 20.01
208136.89 548929.01 19.56
208136.89 548839.01 19.68
208136.89 548749.01 19.41
208136.89 548659.01 18.72
208136.89 548569.01 18.31
208136.89 548479.01 18.42
208136.89 548389.01 19.03
208136.89 548299.01 18.67
208136.89 548209.01 18.54
208136.89 548119.01 17.25
208136.89 548029.01 15.57
208136.89 547939.01 15.30
208136.89 547849.01 8.17
208136.89 547759.01 6.30
208136.89 547669.01 6.32
208136.89 547579.01 6.32
208136.89 547489.01 6.37
208136.89 547399.01 6.46
208136.89 547309.01 6.49
208226.89 552979.01 105.34
208226.89 552889.01 127.04
208226.89 552799.01 173.87
208226.89 552709.01 217.07
208226.89 552619.01 250.55
208226.89 552529.01 246.41
208226.89 552439.01 243.34
208226.89 552349.01 244.31
208226.89 552259.01 239.17
208226.89 552169.01 222.38
208226.89 552079.01 203.35
208226.89 551989.01 199.46
208226.89 551899.01 198.44
208226.89 551809.01 200.67
208226.89 551719.01 192.88
208226.89 551629.01 182.20
208226.89 551539.01 160.71
208226.89 551449.01 141.43
208226.89 551359.01 113.65
208226.89 551269.01 86.05
208226.89 551179.01 61.94
208226.89 551089.01 47.17
208226.89 550999.01 38.08
208226.89 550909.01 42.52
208226.89 550819.01 48.47
208226.89 550729.01 51.77
208226.89 550639.01 48.68
208226.89 550549.01 43.25
208226.89 550459.01 39.77
208226.89 550369.01 38.01
208226.89 550279.01 38.92
208226.89 550189.01 44.83
208226.89 550099.01 47.54
208226.89 550009.01 48.02
208226.89 549919.01 44.11
208226.89 549829.01 47.50
208226.89 549739.01 45.21
208226.89 549649.01 37.61
208226.89 549559.01 34.71
208226.89 549469.01 33.17
208226.89 549379.01 27.71
208226.89 549289.01 22.48
208226.89 549199.01 18.70
208226.89 549109.01 18.19
208226.89 549019.01 18.29
208226.89 548929.01 18.68
208226.89 548839.01 18.71
208226.89 548749.01 18.36
208226.89 548659.01 18.22
208226.89 548569.01 18.52
208226.89 548479.01 18.60
208226.89 548389.01 18.50
208226.89 548299.01 18.90
208226.89 548209.01 18.80
208226.89 548119.01 19.69
208226.89 548029.01 17.54
208226.89 547939.01 8.19
208226.89 547849.01 6.33
208226.89 547759.01 6.28
208226.89 547669.01 6.28
208226.89 547579.01 6.31
208226.89 547489.01 6.37
208226.89 547399.01 6.45
208316.89 552979.01 136.41
208316.89 552889.01 147.06
208316.89 552799.01 178.15
208316.89 552709.01 208.36
208316.89 552619.01 246.97
208316.89 552529.01 279.61
208316.89 552439.01 287.68
208316.89 552349.01 280.98
208316.89 552259.01 266.87
208316.89 552169.01 249.72
208316.89 552079.01 219.43
208316.89 551989.01 198.12
208316.89 551899.01 179.39
208316.89 551809.01 160.74
208316.89 551719.01 147.25
208316.89 551629.01 147.27
208316.89 551539.01 126.31
208316.89 551449.01 99.59
208316.89 551359.01 76.68
208316.89 551269.01 59.86
208316.89 551179.01 47.11
208316.89 551089.01 42.61
208316.89 550999.01 45.67
208316.89 550909.01 49.34
208316.89 550819.01 57.76
208316.89 550729.01 62.16
208316.89 550639.01 54.01
208316.89 550549.01 49.30
208316.89 550459.01 47.74
208316.89 550369.01 43.23
208316.89 550279.01 43.70
208316.89 550189.01 51.53
208316.89 550099.01 54.51
208316.89 550009.01 56.58
208316.89 549919.01 55.24
208316.89 549829.01 53.27
208316.89 549739.01 45.66
208316.89 549649.01 41.41
208316.89 549559.01 34.62
208316.89 549469.01 34.74
208316.89 549379.01 34.27
208316.89 549289.01 27.05
208316.89 549199.01 19.61
208316.89 549109.01 18.28
208316.89 549019.01 17.99
208316.89 548929.01 17.99
208316.89 548839.01 18.65
208316.89 548749.01 19.39
208316.89 548659.01 19.41
208316.89 548569.01 19.64
208316.89 548479.01 18.41
208316.89 548389.01 18.26
208316.89 548299.01 18.53
208316.89 548209.01 17.69
208316.89 548119.01 15.98
208316.89 548029.01 12.51
208316.89 547939.01 6.37
208316.89 547849.01 6.33
208316.89 547759.01 6.29
208316.89 547669.01 6.30
208316.89 547579.01 6.33
208316.89 547489.01 6.36
208406.89 552979.01 147.71
208406.89 552889.01 172.15
208406.89 552799.01 188.51
208406.89 552709.01 214.32
208406.89 552619.01 246.05
208406.89 552529.01 287.81
208406.89 552439.01 319.77
208406.89 552349.01 314.36
208406.89 552259.01 288.34
208406.89 552169.01 256.75
208406.89 552079.01 214.83
208406.89 551989.01 191.19
208406.89 551899.01 165.26
208406.89 551809.01 135.29
208406.89 551719.01 116.98
208406.89 551629.01 106.02
208406.89 551539.01 96.97
208406.89 551449.01 74.89
208406.89 551359.01 55.51
208406.89 551269.01 51.50
208406.89 551179.01 54.27
208406.89 551089.01 59.91
208406.89 550999.01 62.08
208406.89 550909.01 60.66
208406.89 550819.01 70.39
208406.89 550729.01 76.89
208406.89 550639.01 61.27
208406.89 550549.01 62.82
208406.89 550459.01 61.62
208406.89 550369.01 54.27
208406.89 550279.01 55.15
208406.89 550189.01 58.05
208406.89 550099.01 62.35
208406.89 550009.01 67.94
208406.89 549919.01 65.55
208406.89 549829.01 52.35
208406.89 549739.01 46.76
208406.89 549649.01 43.92
208406.89 549559.01 38.72
208406.89 549469.01 38.01
208406.89 549379.01 35.73
208406.89 549289.01 28.49
208406.89 549199.01 20.27
208406.89 549109.01 18.30
208406.89 549019.01 18.01
208406.89 548929.01 18.64
208406.89 548839.01 19.54
208406.89 548749.01 20.53
208406.89 548659.01 20.57
208406.89 548569.01 20.05
208406.89 548479.01 18.58
208406.89 548389.01 17.95
208406.89 548299.01 16.75
208406.89 548209.01 12.26
208406.89 548119.01 7.00
208406.89 548029.01 6.36
208406.89 547939.01 6.36
208406.89 547849.01 6.33
208406.89 547759.01 6.30
208406.89 547669.01 6.30
208406.89 547579.01 6.31
208496.89 552979.01 142.57
208496.89 552889.01 180.53
208496.89 552799.01 216.35
208496.89 552709.01 234.83
208496.89 552619.01 259.06
208496.89 552529.01 286.59
208496.89 552439.01 309.22
208496.89 552349.01 304.71
208496.89 552259.01 265.89
208496.89 552169.01 233.47
208496.89 552079.01 210.14
208496.89 551989.01 192.55
208496.89 551899.01 169.90
208496.89 551809.01 132.80
208496.89 551719.01 105.23
208496.89 551629.01 88.51
208496.89 551539.01 78.40
208496.89 551449.01 74.46
208496.89 551359.01 74.71
208496.89 551269.01 74.45
208496.89 551179.01 79.25
208496.89 551089.01 92.52
208496.89 550999.01 89.48
208496.89 550909.01 81.47
208496.89 550819.01 92.65
208496.89 550729.01 92.07
208496.89 550639.01 64.60
208496.89 550549.01 69.77
208496.89 550459.01 70.72
208496.89 550369.01 68.15
208496.89 550279.01 78.88
208496.89 550189.01 70.36
208496.89 550099.01 69.37
208496.89 550009.01 74.59
208496.89 549919.01 70.50
208496.89 549829.01 57.31
208496.89 549739.01 49.52
208496.89 549649.01 46.89
208496.89 549559.01 41.64
208496.89 549469.01 39.35
208496.89 549379.01 34.70
208496.89 549289.01 26.51
208496.89 549199.01 19.38
208496.89 549109.01 18.04
208496.89 549019.01 18.88
208496.89 548929.01 19.99
208496.89 548839.01 20.49
208496.89 548749.01 20.78
208496.89 548659.01 20.71
208496.89 548569.01 20.20
208496.89 548479.01 18.76
208496.89 548389.01 16.90
208496.89 548299.01 12.12
208496.89 548209.01 6.78
208496.89 548119.01 6.67
208496.89 548029.01 6.36
208496.89 547939.01 6.35
208496.89 547849.01 6.31
208496.89 547759.01 6.30
208496.89 547669.01 6.27
208586.89 552979.01 169.62
208586.89 552889.01 187.97
208586.89 552799.01 226.06
208586.89 552709.01 243.77
208586.89 552619.01 266.72
208586.89 552529.01 291.81
208586.89 552439.01 295.93
208586.89 552349.01 268.21
208586.89 552259.01 235.98
208586.89 552169.01 201.80
208586.89 552079.01 175.04
208586.89 551989.01 162.84
208586.89 551899.01 142.26
208586.89 551809.01 113.23
208586.89 551719.01 97.48
208586.89 551629.01 96.55
208586.89 551539.01 99.74
208586.89 551449.01 110.72
208586.89 551359.01 116.52
208586.89 551269.01 117.51
208586.89 551179.01 117.99
208586.89 551089.01 127.01
208586.89 550999.01 109.36
208586.89 550909.01 107.52
208586.89 550819.01 115.32
208586.89 550729.01 102.22
208586.89 550639.01 72.49
208586.89 550549.01 70.06
208586.89 550459.01 69.57
208586.89 550369.01 78.21
208586.89 550279.01 100.78
208586.89 550189.01 89.36
208586.89 550099.01 78.49
208586.89 550009.01 75.89
208586.89 549919.01 73.14
208586.89 549829.01 64.96
208586.89 549739.01 52.91
208586.89 549649.01 50.46
208586.89 549559.01 42.34
208586.89 549469.01 36.90
208586.89 549379.01 33.15
208586.89 549289.01 27.02
208586.89 549199.01 18.55
208586.89 549109.01 18.44
208586.89 549019.01 19.90
208586.89 548929.01 19.32
208586.89 548839.01 20.20
208586.89 548749.01 20.85
208586.89 548659.01 21.08
208586.89 548569.01 20.89
208586.89 548479.01 17.71
208586.89 548389.01 12.34
208586.89 548299.01 6.59
208586.89 548209.01 6.42
208586.89 548119.01 6.35
208586.89 548029.01 6.35
208586.89 547939.01 6.35
208586.89 547849.01 6.34
208586.89 547759.01 6.40
208586.89 547669.01 6.41
208676.89 552979.01 189.78
208676.89 552889.01 207.70
208676.89 552799.01 242.21
208676.89 552709.01 268.05
208676.89 552619.01 292.98
208676.89 552529.01 302.76
208676.89 552439.01 272.56
208676.89 552349.01 240.55
208676.89 552259.01 213.82
208676.89 552169.01 195.23
208676.89 552079.01 167.33
208676.89 551989.01 141.88
208676.89 551899.01 120.45
208676.89 551809.01 117.48
208676.89 551719.01 121.31
208676.89 551629.01 121.74
208676.89 551539.01 144.93
208676.89 551449.01 158.80
208676.89 551359.01 163.45
208676.89 551269.01 159.19
208676.89 551179.01 154.48
208676.89 551089.01 150.08
208676.89 550999.01 130.68
208676.89 550909.01 133.60
208676.89 550819.01 123.60
208676.89 550729.01 107.63
208676.89 550639.01 81.82
208676.89 550549.01 71.04
208676.89 550459.01 68.76
208676.89 550369.01 82.70
208676.89 550279.01 104.25
208676.89 550189.01 102.33
208676.89 550099.01 91.52
208676.89 550009.01 74.60
208676.89 549919.01 65.65
208676.89 549829.01 60.75
208676.89 549739.01 50.08
208676.89 549649.01 47.85
208676.89 549559.01 40.49
208676.89 549469.01 33.40
208676.89 549379.01 30.05
208676.89 549289.01 25.33
208676.89 549199.01 18.66
208676.89 549109.01 19.07
208676.89 549019.01 20.56
208676.89 548929.01 20.16
208676.89 548839.01 19.62
208676.89 548749.01 20.85
208676.89 548659.01 20.82
208676.89 548569.01 18.02
208676.89 548479.01 11.29
208676.89 548389.01 6.44
208676.89 548299.01 6.38
208676.89 548209.01 6.36
208676.89 548119.01 6.35
208676.89 548029.01 6.35
208676.89 547939.01 6.36
208676.89 547849.01 6.44
208676.89 547759.01 6.72
208766.89 552979.01 205.23
208766.89 552889.01 229.46
208766.89 552799.01 261.74
208766.89 552709.01 286.68
208766.89 552619.01 302.15
208766.89 552529.01 290.95
208766.89 552439.01 259.18
208766.89 552349.01 238.28
208766.89 552259.01 211.13
208766.89 552169.01 190.11
208766.89 552079.01 162.54
208766.89 551989.01 145.61
208766.89 551899.01 148.56
208766.89 551809.01 168.93
208766.89 551719.01 163.61
208766.89 551629.01 154.53
208766.89 551539.01 182.67
208766.89 551449.01 203.11
208766.89 551359.01 208.40
208766.89 551269.01 197.56
208766.89 551179.01 189.37
208766.89 551089.01 172.29
208766.89 550999.01 154.30
208766.89 550909.01 147.23
208766.89 550819.01 135.76
208766.89 550729.01 122.73
208766.89 550639.01 86.83
208766.89 550549.01 74.59
208766.89 550459.01 73.97
208766.89 550369.01 77.69
208766.89 550279.01 86.66
208766.89 550189.01 93.17
208766.89 550099.01 89.20
208766.89 550009.01 65.30
208766.89 549919.01 42.58
208766.89 549829.01 42.95
208766.89 549739.01 42.60
208766.89 549649.01 38.28
208766.89 549559.01 33.95
208766.89 549469.01 34.56
208766.89 549379.01 28.57
208766.89 549289.01 22.73
208766.89 549199.01 18.16
208766.89 549109.01 19.40
208766.89 549019.01 20.48
208766.89 548929.01 20.64
208766.89 548839.01 20.48
208766.89 548749.01 19.24
208766.89 548659.01 16.78
208766.89 548569.01 11.29
208766.89 548479.01 6.41
208766.89 548389.01 6.43
208766.89 548299.01 6.44
208766.89 548209.01 6.41
208766.89 548119.01 6.38
208766.89 548029.01 6.36
208766.89 547939.01 6.35
208766.89 547849.01 6.47
208856.89 552979.01 274.76
208856.89 552889.01 290.02
208856.89 552799.01 296.48
208856.89 552709.01 302.03
208856.89 552619.01 292.16
208856.89 552529.01 263.33
208856.89 552439.01 242.83
208856.89 552349.01 221.41
208856.89 552259.01 199.25
208856.89 552169.01 183.57
208856.89 552079.01 178.21
208856.89 551989.01 195.04
208856.89 551899.01 206.51
208856.89 551809.01 231.39
208856.89 551719.01 225.91
208856.89 551629.01 205.96
208856.89 551539.01 226.10
208856.89 551449.01 243.52
208856.89 551359.01 239.23
208856.89 551269.01 236.84
208856.89 551179.01 224.11
208856.89 551089.01 200.74
208856.89 550999.01 181.07
208856.89 550909.01 165.52
208856.89 550819.01 158.66
208856.89 550729.01 137.27
208856.89 550639.01 98.39
208856.89 550549.01 90.57
208856.89 550459.01 92.77
208856.89 550369.01 88.04
208856.89 550279.01 69.65
208856.89 550189.01 58.34
208856.89 550099.01 55.79
208856.89 550009.01 48.74
208856.89 549919.01 27.41
208856.89 549829.01 25.51
208856.89 549739.01 24.63
208856.89 549649.01 24.67
208856.89 549559.01 25.13
208856.89 549469.01 29.13
208856.89 549379.01 22.90
208856.89 549289.01 20.42
208856.89 549199.01 18.80
208856.89 549109.01 19.98
208856.89 549019.01 20.68
208856.89 548929.01 20.79
208856.89 548839.01 19.32
208856.89 548749.01 14.57
208856.89 548659.01 9.34
208856.89 548569.01 6.38
208856.89 548479.01 6.38
208856.89 548389.01 6.48
208856.89 548299.01 6.58
208856.89 548209.01 6.50
208856.89 548119.01 6.43
208856.89 548029.01 6.37
208856.89 547939.01 6.37
208946.89 552979.01 285.17
208946.89 552889.01 286.87
208946.89 552799.01 279.12
208946.89 552709.01 282.01
208946.89 552619.01 276.26
208946.89 552529.01 258.83
208946.89 552439.01 231.57
208946.89 552349.01 211.68
208946.89 552259.01 202.35
208946.89 552169.01 206.55
208946.89 552079.01 225.96
208946.89 551989.01 243.68
208946.89 551899.01 251.46
208946.89 551809.01 268.37
208946.89 551719.01 255.67
208946.89 551629.01 248.85
208946.89 551539.01 258.27
208946.89 551449.01 251.58
208946.89 551359.01 236.07
208946.89 551269.01 224.09
208946.89 551179.01 214.19
208946.89 551089.01 199.79
208946.89 550999.01 187.20
208946.89 550909.01 172.25
208946.89 550819.01 154.14
208946.89 550729.01 130.01
208946.89 550639.01 109.83
208946.89 550549.01 113.69
208946.89 550459.01 111.97
208946.89 550369.01 100.25
208946.89 550279.01 77.75
208946.89 550189.01 60.11
208946.89 550099.01 46.64
208946.89 550009.01 42.03
208946.89 549919.01 25.73
208946.89 549829.01 22.21
208946.89 549739.01 20.78
208946.89 549649.01 20.48
208946.89 549559.01 23.27
208946.89 549469.01 23.55
208946.89 549379.01 22.67
208946.89 549289.01 19.05
208946.89 549199.01 18.96
208946.89 549109.01 20.06
208946.89 549019.01 21.23
208946.89 548929.01 20.49
208946.89 548839.01 15.17
208946.89 548749.01 9.15
208946.89 548659.01 6.35
208946.89 548569.01 6.44
208946.89 548479.01 6.41
208946.89 548389.01 6.51
208946.89 548299.01 6.58
208946.89 548209.01 6.51
208946.89 548119.01 6.42
208946.89 548029.01 6.40
209036.89 552979.01 245.42
209036.89 552889.01 251.55
209036.89 552799.01 240.51
209036.89 552709.01 249.25
209036.89 552619.01 244.06
209036.89 552529.01 239.19
209036.89 552439.01 232.64
209036.89 552349.01 236.33
209036.89 552259.01 240.58
209036.89 552169.01 249.70
209036.89 552079.01 263.88
209036.89 551989.01 275.68
209036.89 551899.01 280.12
209036.89 551809.01 274.30
209036.89 551719.01 266.16
209036.89 551629.01 268.22
209036.89 551539.01 262.79
209036.89 551449.01 244.01
209036.89 551359.01 218.09
209036.89 551269.01 200.30
209036.89 551179.01 184.75
209036.89 551089.01 177.91
209036.89 550999.01 184.23
209036.89 550909.01 168.38
209036.89 550819.01 147.04
209036.89 550729.01 133.06
209036.89 550639.01 132.71
209036.89 550549.01 139.00
209036.89 550459.01 125.12
209036.89 550369.01 106.12
209036.89 550279.01 82.79
209036.89 550189.01 63.55
209036.89 550099.01 49.11
209036.89 550009.01 37.90
209036.89 549919.01 26.38
209036.89 549829.01 21.75
209036.89 549739.01 19.32
209036.89 549649.01 18.21
209036.89 549559.01 19.72
209036.89 549469.01 21.81
209036.89 549379.01 21.11
209036.89 549289.01 18.27
209036.89 549199.01 19.35
209036.89 549109.01 19.57
209036.89 549019.01 19.11
209036.89 548929.01 16.21
209036.89 548839.01 8.89
209036.89 548749.01 6.31
209036.89 548659.01 6.35
209036.89 548569.01 6.44
209036.89 548479.01 6.41
209036.89 548389.01 6.45
209036.89 548299.01 6.47
209036.89 548209.01 6.41
209036.89 548119.01 6.38
209036.89 548029.01 6.41
209126.89 552979.01 213.85
209126.89 552889.01 209.76
209126.89 552799.01 193.58
209126.89 552709.01 205.77
209126.89 552619.01 213.09
209126.89 552529.01 233.55
209126.89 552439.01 256.62
209126.89 552349.01 269.79
209126.89 552259.01 270.99
209126.89 552169.01 266.10
209126.89 552079.01 258.88
209126.89 551989.01 257.52
209126.89 551899.01 249.85
209126.89 551809.01 244.22
209126.89 551719.01 244.00
209126.89 551629.01 259.85
209126.89 551539.01 249.61
209126.89 551449.01 222.31
209126.89 551359.01 188.86
209126.89 551269.01 174.16
209126.89 551179.01 163.33
209126.89 551089.01 164.13
209126.89 550999.01 171.63
209126.89 550909.01 167.23
209126.89 550819.01 161.77
209126.89 550729.01 157.88
209126.89 550639.01 155.81
209126.89 550549.01 148.86
209126.89 550459.01 125.47
209126.89 550369.01 102.39
209126.89 550279.01 84.16
209126.89 550189.01 67.98
209126.89 550099.01 55.28
209126.89 550009.01 42.92
209126.89 549919.01 30.37
209126.89 549829.01 24.25
209126.89 549739.01 20.44
209126.89 549649.01 17.45
209126.89 549559.01 17.45
209126.89 549469.01 18.51
209126.89 549379.01 17.91
209126.89 549289.01 18.80
209126.89 549199.01 19.32
209126.89 549109.01 17.96
209126.89 549019.01 14.66
209126.89 548929.01 8.90
209126.89 548839.01 6.33
209126.89 548749.01 6.30
209126.89 548659.01 6.33
209126.89 548569.01 6.40
209126.89 548479.01 6.39
209126.89 548389.01 6.42
209126.89 548299.01 6.41
209126.89 548209.01 6.38
209126.89 548119.01 6.38
209216.89 552889.01 173.78
209216.89 552799.01 167.14
209216.89 552709.01 186.73
209216.89 552619.01 206.16
209216.89 552529.01 241.15
209216.89 552439.01 262.17
209216.89 552349.01 262.29
209216.89 552259.01 255.17
209216.89 552169.01 246.10
209216.89 552079.01 230.23
209216.89 551989.01 226.10
209216.89 551899.01 219.30
209216.89 551809.01 219.82
209216.89 551719.01 219.63
209216.89 551629.01 232.57
209216.89 551539.01 211.72
209216.89 551449.01 187.52
209216.89 551359.01 168.84
209216.89 551269.01 156.03
209216.89 551179.01 148.49
209216.89 551089.01 148.64
209216.89 550999.01 147.51
209216.89 550909.01 156.88
209216.89 550819.01 174.82
209216.89 550729.01 180.90
209216.89 550639.01 172.10
209216.89 550549.01 153.28
209216.89 550459.01 131.36
209216.89 550369.01 106.01
209216.89 550279.01 83.02
209216.89 550189.01 66.14
209216.89 550099.01 51.51
209216.89 550009.01 41.60
209216.89 549919.01 28.75
209216.89 549829.01 25.36
209216.89 549739.01 21.52
209216.89 549649.01 17.80
209216.89 549559.01 17.29
209216.89 549469.01 17.78
209216.89 549379.01 18.72
209216.89 549289.01 19.42
209216.89 549199.01 18.31
209216.89 549109.01 12.44
209216.89 549019.01 8.94
209216.89 548929.01 6.36
209216.89 548839.01 6.33
209216.89 548749.01 6.30
209216.89 548659.01 6.30
209216.89 548569.01 6.35
209216.89 548479.01 6.39
209216.89 548389.01 6.39
209216.89 548299.01 6.38
209216.89 548209.01 6.37
209306.89 552889.01 147.85
209306.89 552799.01 161.73
209306.89 552709.01 189.95
209306.89 552619.01 217.80
209306.89 552529.01 240.62
209306.89 552439.01 235.77
209306.89 552349.01 233.63
209306.89 552259.01 228.94
209306.89 552169.01 219.56
209306.89 552079.01 204.69
209306.89 551989.01 197.13
209306.89 551899.01 194.60
209306.89 551809.01 196.34
209306.89 551719.01 191.64
209306.89 551629.01 202.66
209306.89 551539.01 187.43
209306.89 551449.01 165.38
209306.89 551359.01 152.80
209306.89 551269.01 149.96
209306.89 551179.01 137.13
209306.89 551089.01 123.00
209306.89 550999.01 120.28
209306.89 550909.01 132.45
209306.89 550819.01 158.45
209306.89 550729.01 175.38
209306.89 550639.01 164.56
209306.89 550549.01 156.79
209306.89 550459.01 139.95
209306.89 550369.01 116.17
209306.89 550279.01 95.22
209306.89 550189.01 72.32
209306.89 550099.01 57.08
209306.89 550009.01 43.71
209306.89 549919.01 24.58
209306.89 549829.01 20.55
209306.89 549739.01 19.71
209306.89 549649.01 19.09
209306.89 549559.01 18.32
209306.89 549469.01 18.50
209306.89 549379.01 19.54
209306.89 549289.01 18.94
209306.89 549199.01 15.07
209306.89 549109.01 8.40
209306.89 549019.01 6.38
209306.89 548929.01 6.36
209306.89 548839.01 6.34
209306.89 548749.01 6.33
209306.89 548659.01 6.33
209306.89 548569.01 6.37
209306.89 548479.01 6.44
209306.89 548389.01 6.42
209306.89 548299.01 6.40
209396.89 552709.01 192.39
209396.89 552619.01 224.94
209396.89 552529.01 225.08
209396.89 552439.01 211.66
209396.89 552349.01 213.75
209396.89 552259.01 219.44
209396.89 552169.01 205.32
209396.89 552079.01 186.34
209396.89 551989.01 171.39
209396.89 551899.01 167.73
209396.89 551809.01 175.89
209396.89 551719.01 174.43
209396.89 551629.01 183.30
209396.89 551539.01 168.63
209396.89 551449.01 154.62
209396.89 551359.01 133.28
209396.89 551269.01 134.21
209396.89 551179.01 118.97
209396.89 551089.01 106.13
209396.89 550999.01 107.21
209396.89 550909.01 128.90
209396.89 550819.01 154.15
209396.89 550729.01 163.44
209396.89 550639.01 146.03
209396.89 550549.01 136.63
209396.89 550459.01 128.55
209396.89 550369.01 111.23
209396.89 550279.01 99.13
209396.89 550189.01 75.80
209396.89 550099.01 56.21
209396.89 550009.01 44.22
209396.89 549919.01 26.35
209396.89 549829.01 20.33
209396.89 549739.01 18.80
209396.89 549649.01 19.37
209396.89 549559.01 18.55
209396.89 549469.01 19.29
209396.89 549379.01 20.18
209396.89 549289.01 16.03
209396.89 549199.01 7.73
209396.89 549109.01 6.36
209396.89 549019.01 6.43
209396.89 548929.01 6.57
209396.89 548839.01 6.60
209396.89 548749.01 6.66
209396.89 548659.01 6.68
209396.89 548569.01 6.74
209396.89 548479.01 6.77
209396.89 548389.01 6.75
209486.89 551809.01 145.55
209486.89 551719.01 140.97
209486.89 551629.01 142.62
209486.89 551539.01 141.34
209486.89 551449.01 140.09
209486.89 551359.01 108.22
209486.89 551269.01 106.27
209486.89 551179.01 93.31
209486.89 551089.01 92.90
209486.89 550999.01 106.31
209486.89 550909.01 129.62
209486.89 550819.01 141.94
209486.89 550729.01 139.03
209486.89 550639.01 123.61
209486.89 550549.01 116.01
209486.89 550459.01 110.98
209486.89 550369.01 92.37
209486.89 550279.01 74.82
209486.89 550189.01 61.50
209486.89 550099.01 49.08
209486.89 550009.01 39.14
209486.89 549919.01 24.72
209486.89 549829.01 20.59
209486.89 549739.01 18.95
209486.89 549649.01 19.80
209486.89 549559.01 17.45
209486.89 549469.01 15.06
209486.89 549379.01 15.34
209486.89 549289.01 11.74
209486.89 549199.01 6.50
209486.89 549109.01 6.53
209486.89 549019.01 6.67
209486.89 548929.01 6.99
209486.89 548839.01 7.07
209486.89 548749.01 7.13
209486.89 548659.01 7.17
209486.89 548569.01 7.18
209486.89 548479.01 7.16
209576.89 551449.01 110.89
209576.89 551359.01 77.21
209576.89 551269.01 67.10
209576.89 551179.01 67.64
209576.89 551089.01 88.60
209576.89 550999.01 106.79
209576.89 550909.01 112.07
209576.89 550819.01 110.11
209576.89 550729.01 101.77
209576.89 550639.01 87.43
209576.89 550549.01 100.05
209576.89 550459.01 97.02
209576.89 550369.01 73.36
209576.89 550279.01 49.01
209576.89 550189.01 36.79
209576.89 550099.01 34.86
209576.89 550009.01 29.86
209576.89 549919.01 21.87
209576.89 549829.01 20.20
209576.89 549739.01 19.00
209576.89 549649.01 16.15
209576.89 549559.01 11.37
209576.89 549469.01 6.76
209576.89 549379.01 6.79
209576.89 549289.01 6.83
209576.89 549199.01 6.82
209576.89 549109.01 6.85
209576.89 549019.01 6.93
209576.89 548929.01 7.00
209576.89 548839.01 7.06
209576.89 548749.01 7.11
209576.89 548659.01 7.14
209576.89 548569.01 7.12
209576.89 548479.01 7.08
209666.89 551449.01 87.75
209666.89 551359.01 55.37
209666.89 551269.01 51.26
209666.89 551179.01 66.92
209666.89 551089.01 87.21
209666.89 550999.01 97.61
209666.89 550909.01 97.72
209666.89 550819.01 87.27
209666.89 550729.01 78.07
209666.89 550639.01 75.65
209666.89 550549.01 87.04
209666.89 550459.01 85.11
209666.89 550369.01 63.75
209666.89 550279.01 39.55
209666.89 550189.01 21.82
209666.89 550099.01 20.26
209666.89 550009.01 19.96
209666.89 549919.01 15.72
209666.89 549829.01 14.90
209666.89 549739.01 12.02
209666.89 549649.01 6.71
209666.89 549559.01 6.03
209666.89 549469.01 6.43
209666.89 549379.01 6.66
209666.89 549289.01 6.81
209666.89 549199.01 6.88
209666.89 549109.01 6.91
209666.89 549019.01 6.97
209666.89 548929.01 7.04
209666.89 548839.01 7.10
209666.89 548749.01 7.14
209666.89 548659.01 7.17
209666.89 548569.01 7.30
209756.89 551359.01 41.16
209756.89 551269.01 49.16
209756.89 551179.01 69.44
209756.89 551089.01 89.07
209756.89 550999.01 92.41
209756.89 550909.01 82.87
209756.89 550819.01 65.84
209756.89 550729.01 57.70
209756.89 550639.01 59.80
209756.89 550549.01 63.51
209756.89 550459.01 59.39
209756.89 550369.01 51.27
209756.89 550279.01 29.46
209756.89 550189.01 13.40
209756.89 550099.01 10.64
209756.89 550009.01 7.55
209756.89 549919.01 5.70
209756.89 549829.01 5.27
209756.89 549739.01 5.13
209756.89 549649.01 5.47
209756.89 549559.01 5.94
209756.89 549469.01 6.32
209756.89 549379.01 6.59
209756.89 549289.01 6.79
209756.89 549199.01 6.93
209756.89 549109.01 6.96
209756.89 549019.01 7.01
209756.89 548929.01 7.09
209756.89 548839.01 7.16
209756.89 548749.01 7.20
209756.89 548659.01 7.33
209846.89 551359.01 38.66
209846.89 551269.01 58.23
209846.89 551179.01 79.99
209846.89 551089.01 94.98
209846.89 550999.01 91.57
209846.89 550909.01 65.27
209846.89 550819.01 45.88
209846.89 550729.01 38.68
209846.89 550639.01 39.49
209846.89 550549.01 35.83
209846.89 550459.01 26.86
209846.89 550369.01 21.74
209846.89 550279.01 10.13
209846.89 550189.01 6.49
209846.89 550099.01 6.37
209846.89 550009.01 6.23
209846.89 549919.01 5.80
209846.89 549829.01 5.59
209846.89 549739.01 5.54
209846.89 549649.01 5.68
209846.89 549559.01 5.98
209846.89 549469.01 6.30
209846.89 549379.01 6.56
209846.89 549289.01 6.79
209846.89 549199.01 6.97
209846.89 549109.01 7.01
209846.89 549019.01 7.05
209846.89 548929.01 7.15
209846.89 548839.01 7.23
209846.89 548749.01 7.47
209936.89 551359.01 42.52
209936.89 551269.01 61.96
209936.89 551179.01 83.04
209936.89 551089.01 87.88
209936.89 550999.01 69.24
209936.89 550909.01 45.69
209936.89 550819.01 29.53
209936.89 550729.01 19.41
209936.89 550639.01 18.74
209936.89 550549.01 9.44
209936.89 550459.01 6.42
209936.89 550369.01 6.42
209936.89 550279.01 6.38
209936.89 550189.01 6.39
209936.89 550099.01 6.38
209936.89 550009.01 6.27
209936.89 549919.01 5.94
209936.89 549829.01 5.83
209936.89 549739.01 5.81
209936.89 549649.01 5.90
209936.89 549559.01 6.10
209936.89 549469.01 6.35
209936.89 549379.01 6.59
209936.89 549289.01 6.81
209936.89 549199.01 6.99
209936.89 549109.01 7.03
209936.89 549019.01 7.09
209936.89 548929.01 7.30
209936.89 548839.01 7.68
210026.89 551269.01 56.03
210026.89 551179.01 66.46
210026.89 551089.01 52.73
210026.89 550999.01 34.01
210026.89 550909.01 22.17
210026.89 550819.01 14.10
210026.89 550729.01 7.45
210026.89 550639.01 6.46
210026.89 550549.01 6.40
210026.89 550459.01 6.40
210026.89 550369.01 6.41
210026.89 550279.01 6.42
210026.89 550189.01 6.41
210026.89 550099.01 6.42
210026.89 550009.01 6.32
210026.89 549919.01 6.07
210026.89 549829.01 6.03
210026.89 549739.01 6.03
210026.89 549649.01 6.10
210026.89 549559.01 6.25
210026.89 549469.01 6.46
210026.89 549379.01 6.68
210026.89 549289.01 6.87
210026.89 549199.01 7.00
210026.89 549109.01 6.99
210026.89 549019.01 7.15
210116.89 551269.01 27.98
210116.89 551179.01 23.21
210116.89 551089.01 15.42
210116.89 550999.01 8.01
210116.89 550909.01 6.40
210116.89 550819.01 6.42
210116.89 550729.01 6.41
210116.89 550639.01 6.43
210116.89 550549.01 6.43
210116.89 550459.01 6.42
210116.89 550369.01 6.43
210116.89 550279.01 6.45
210116.89 550189.01 6.44
210116.89 550099.01 6.45
210116.89 550009.01 6.35
210116.89 549919.01 6.20
210116.89 549829.01 6.19
210116.89 549739.01 6.21
210116.89 549649.01 6.28
210116.89 549559.01 6.41
210116.89 549469.01 6.60
210116.89 549379.01 6.74
210116.89 549289.01 6.83
210206.89 551269.01 7.95
210206.89 551179.01 6.36
210206.89 551089.01 6.35
210206.89 550999.01 6.33
210206.89 550909.01 6.34
210206.89 550819.01 6.38
210206.89 550729.01 6.37
210206.89 550639.01 6.39
210206.89 550549.01 6.40
210206.89 550459.01 6.38
210206.89 550369.01 6.39
210206.89 550279.01 6.43
210206.89 550189.01 6.43
210206.89 550099.01 6.41
210206.89 550009.01 6.33
210206.89 549919.01 6.27
210206.89 549829.01 6.28
210206.89 549739.01 6.31
210206.89 549649.01 6.35
210206.89 549559.01 6.43
210206.89 549469.01 6.66
210296.89 551269.01 6.24
210296.89 551179.01 6.24
210296.89 551089.01 6.24
210296.89 550999.01 6.25
210296.89 550909.01 6.25
210296.89 550819.01 6.26
210296.89 550729.01 6.27
210296.89 550639.01 6.28
210296.89 550549.01 6.30
210296.89 550459.01 6.29
210296.89 550369.01 6.29
210296.89 550279.01 6.29
210296.89 550189.01 6.29
210296.89 550099.01 6.29
210296.89 550009.01 6.28
210296.89 549919.01 6.26
210296.89 549829.01 6.26
210296.89 549739.01 6.26
210386.89 551179.01 6.24
210386.89 551089.01 6.24
210386.89 550999.01 6.24
210386.89 550909.01 6.25
210386.89 550819.01 6.25
210386.89 550729.01 6.25
210386.89 550639.01 6.24
210386.89 550549.01 6.26
210386.89 550459.01 6.25
210386.89 550369.01 6.25
210386.89 550279.01 6.25
210386.89 550189.01 6.25
210386.89 550099.01 6.25
210386.89 550009.01 6.26
210476.89 551179.01 6.28
210476.89 551089.01 6.28
210476.89 550999.01 6.28
210476.89 550909.01 6.28
210476.89 550819.01 6.28
210476.89 550729.01 6.28
210476.89 550639.01 6.28
210476.89 550549.01 6.30
210476.89 550459.01 6.30
210476.89 550369.01 6.30
210476.89 550279.01 6.30
210476.89 550189.01 6.33
210566.89 551089.01 6.29
210566.89 550999.01 6.30
210566.89 550909.01 6.31
210566.89 550819.01 6.31
210566.89 550729.01 6.30
210566.89 550639.01 6.31
210566.89 550549.01 6.32
210566.89 550459.01 6.38
210656.89 550909.01 6.31
210656.89 550819.01 6.32
210656.89 550729.01 6.36
