190899.63 553162.22 13.03
190899.63 553072.22 14.61
190899.63 552982.22 14.35
190899.63 552892.22 14.62
190899.63 552802.22 15.09
190989.63 553342.22 13.06
190989.63 553252.22 12.87
190989.63 553162.22 12.51
190989.63 553072.22 13.21
190989.63 552982.22 14.59
190989.63 552892.22 14.05
190989.63 552802.22 13.67
190989.63 552712.22 14.74
191079.63 553432.22 13.19
191079.63 553342.22 12.83
191079.63 553252.22 13.41
191079.63 553162.22 13.37
191079.63 553072.22 12.62
191079.63 552982.22 13.37
191079.63 552892.22 14.36
191079.63 552802.22 13.68
191079.63 552712.22 13.98
191079.63 552622.22 13.24
191169.63 553522.22 21.14
191169.63 553432.22 18.75
191169.63 553342.22 13.65
191169.63 553252.22 13.25
191169.63 553162.22 13.89
191169.63 553072.22 13.69
191169.63 552982.22 13.02
191169.63 552892.22 12.95
191169.63 552802.22 10.25
191169.63 552712.22 12.17
191169.63 552622.22 12.26
191169.63 552532.22 11.96
191259.63 553702.22 48.28
191259.63 553612.22 37.22
191259.63 553522.22 28.88
191259.63 553432.22 21.63
191259.63 553342.22 15.77
191259.63 553252.22 12.97
191259.63 553162.22 13.07
191259.63 553072.22 13.82
191259.63 552982.22 14.52
191259.63 552892.22 13.19
191259.63 552802.22 12.96
191259.63 552712.22 12.89
191259.63 552622.22 11.69
191259.63 552532.22 11.78
191259.63 552442.22 11.56
191349.63 553792.22 61.72
191349.63 553702.22 52.46
191349.63 553612.22 45.16
191349.63 553522.22 27.78
191349.63 553432.22 17.08
191349.63 553342.22 12.62
191349.63 553252.22 12.62
191349.63 553162.22 13.09
191349.63 553072.22 13.67
191349.63 552982.22 12.60
191349.63 552892.22 11.03
191349.63 552802.22 15.42
191349.63 552712.22 14.70
191349.63 552622.22 11.14
191349.63 552532.22 11.51
191349.63 552442.22 11.44
191349.63 552352.22 11.46
191439.63 553882.22 49.94
191439.63 553792.22 55.47
191439.63 553702.22 35.72
191439.63 553612.22 27.53
191439.63 553522.22 19.64
191439.63 553432.22 12.30
191439.63 553342.22 11.95
191439.63 553252.22 12.59
191439.63 553162.22 12.76
191439.63 553072.22 11.54
191439.63 552982.22 13.70
191439.63 552892.22 13.36
191439.63 552802.22 14.63
191439.63 552712.22 14.16
191439.63 552622.22 11.83
191439.63 552532.22 11.39
191439.63 552442.22 11.18
191439.63 552352.22 11.52
191439.63 552262.22 11.62
191529.63 553972.22 28.40
191529.63 553882.22 24.95
191529.63 553792.22 27.16
191529.63 553702.22 19.83
191529.63 553612.22 14.95
191529.63 553522.22 13.27
191529.63 553432.22 12.67
191529.63 553342.22 12.67
191529.63 553252.22 10.08
191529.63 553162.22 13.64
191529.63 553072.22 13.06
191529.63 552982.22 13.85
191529.63 552892.22 14.24
191529.63 552802.22 15.40
191529.63 552712.22 15.42
191529.63 552622.22 13.56
191529.63 552532.22 11.07
191529.63 552442.22 11.17
191529.63 552352.22 11.72
191529.63 552262.22 13.95
191529.63 552172.22 13.88
191619.63 554062.22 39.00
191619.63 553972.22 26.11
191619.63 553882.22 17.57
191619.63 553792.22 15.78
191619.63 553702.22 13.65
191619.63 553612.22 12.73
191619.63 553522.22 13.42
191619.63 553432.22 12.97
191619.63 553342.22 10.76
191619.63 553252.22 12.72
191619.63 553162.22 13.79
191619.63 553072.22 16.76
191619.63 552982.22 21.68
191619.63 552892.22 18.84
191619.63 552802.22 15.25
191619.63 552712.22 15.62
191619.63 552622.22 16.27
191619.63 552532.22 13.21
191619.63 552442.22 12.47
191619.63 552352.22 13.67
191619.63 552262.22 16.94
191619.63 552172.22 19.85
191619.63 552082.22 17.25
191709.63 554242.22 49.81
191709.63 554152.22 33.73
191709.63 554062.22 28.44
191709.63 553972.22 20.70
191709.63 553882.22 15.54
191709.63 553792.22 13.18
191709.63 553702.22 12.82
191709.63 553612.22 12.75
191709.63 553522.22 12.04
191709.63 553432.22 11.57
191709.63 553342.22 12.64
191709.63 553252.22 13.44
191709.63 553162.22 19.49
191709.63 553072.22 36.48
191709.63 552982.22 33.51
191709.63 552892.22 26.60
191709.63 552802.22 20.14
191709.63 552712.22 17.31
191709.63 552622.22 15.62
191709.63 552532.22 17.45
191709.63 552442.22 20.91
191709.63 552352.22 23.30
191709.63 552262.22 23.53
191709.63 552172.22 27.12
191709.63 552082.22 24.38
191799.63 554332.22 47.29
191799.63 554242.22 42.72
191799.63 554152.22 27.85
191799.63 554062.22 19.46
191799.63 553972.22 15.49
191799.63 553882.22 13.62
191799.63 553792.22 12.85
191799.63 553702.22 13.13
191799.63 553612.22 13.76
191799.63 553522.22 12.70
191799.63 553432.22 13.06
191799.63 553342.22 13.50
191799.63 553252.22 18.09
191799.63 553162.22 33.06
191799.63 553072.22 36.98
191799.63 552982.22 29.54
191799.63 552892.22 27.91
191799.63 552802.22 24.66
191799.63 552712.22 21.15
191799.63 552622.22 18.31
191799.63 552532.22 16.13
191799.63 552442.22 20.78
191799.63 552352.22 29.15
191799.63 552262.22 31.54
191799.63 552172.22 33.22
191799.63 552082.22 33.28
191799.63 551992.22 36.52
191889.63 554422.22 38.83
191889.63 554332.22 38.50
191889.63 554242.22 30.14
191889.63 554152.22 27.42
191889.63 554062.22 16.68
191889.63 553972.22 14.20
191889.63 553882.22 13.29
191889.63 553792.22 13.27
191889.63 553702.22 13.10
191889.63 553612.22 10.64
191889.63 553522.22 13.19
191889.63 553432.22 13.22
191889.63 553342.22 13.18
191889.63 553252.22 16.19
191889.63 553162.22 23.93
191889.63 553072.22 23.76
191889.63 552982.22 24.49
191889.63 552892.22 29.05
191889.63 552802.22 27.84
191889.63 552712.22 25.23
191889.63 552622.22 20.79
191889.63 552532.22 17.52
191889.63 552442.22 18.14
191889.63 552352.22 26.69
191889.63 552262.22 36.54
191889.63 552172.22 35.28
191889.63 552082.22 30.45
191889.63 551992.22 31.70
191889.63 551902.22 30.43
191979.63 554512.22 22.75
191979.63 554422.22 30.23
191979.63 554332.22 32.01
191979.63 554242.22 24.93
191979.63 554152.22 27.36
191979.63 554062.22 15.94
191979.63 553972.22 13.69
191979.63 553882.22 13.68
191979.63 553792.22 13.22
191979.63 553702.22 10.48
191979.63 553612.22 12.96
191979.63 553522.22 13.09
191979.63 553432.22 12.97
191979.63 553342.22 13.21
191979.63 553252.22 13.72
191979.63 553162.22 16.37
191979.63 553072.22 19.12
191979.63 552982.22 20.88
191979.63 552892.22 28.67
191979.63 552802.22 28.15
191979.63 552712.22 26.40
191979.63 552622.22 24.73
191979.63 552532.22 21.03
191979.63 552442.22 20.36
191979.63 552352.22 22.35
191979.63 552262.22 31.43
191979.63 552172.22 34.49
191979.63 552082.22 24.86
191979.63 551992.22 25.64
191979.63 551902.22 21.26
191979.63 551812.22 21.04
192069.63 554512.22 19.26
192069.63 554422.22 21.65
192069.63 554332.22 22.94
192069.63 554242.22 18.68
192069.63 554152.22 21.49
192069.63 554062.22 14.29
192069.63 553972.22 14.13
192069.63 553882.22 13.38
192069.63 553792.22 11.01
192069.63 553702.22 12.92
192069.63 553612.22 13.30
192069.63 553522.22 12.80
192069.63 553432.22 13.17
192069.63 553342.22 13.65
192069.63 553252.22 14.00
192069.63 553162.22 15.17
192069.63 553072.22 16.96
192069.63 552982.22 20.86
192069.63 552892.22 23.84
192069.63 552802.22 26.28
192069.63 552712.22 26.62
192069.63 552622.22 25.69
192069.63 552532.22 22.10
192069.63 552442.22 21.61
192069.63 552352.22 20.65
192069.63 552262.22 22.11
192069.63 552172.22 24.44
192069.63 552082.22 20.45
192069.63 551992.22 19.96
192069.63 551902.22 18.44
192069.63 551812.22 16.09
192069.63 551722.22 14.44
192159.63 554602.22 33.95
192159.63 554512.22 17.17
192159.63 554422.22 16.56
192159.63 554332.22 16.08
192159.63 554242.22 14.41
192159.63 554152.22 15.41
192159.63 554062.22 14.97
192159.63 553972.22 13.51
192159.63 553882.22 12.15
192159.63 553792.22 13.12
192159.63 553702.22 13.58
192159.63 553612.22 13.33
192159.63 553522.22 13.33
192159.63 553432.22 13.97
192159.63 553342.22 14.72
192159.63 553252.22 17.60
192159.63 553162.22 22.37
192159.63 553072.22 19.78
192159.63 552982.22 19.19
192159.63 552892.22 22.07
192159.63 552802.22 24.55
192159.63 552712.22 26.59
192159.63 552622.22 26.46
192159.63 552532.22 24.96
192159.63 552442.22 22.07
192159.63 552352.22 21.11
192159.63 552262.22 18.27
192159.63 552172.22 18.52
192159.63 552082.22 16.84
192159.63 551992.22 16.19
192159.63 551902.22 16.55
192159.63 551812.22 16.27
192159.63 551722.22 15.31
192159.63 551632.22 14.67
192249.63 554602.22 18.53
192249.63 554512.22 15.51
192249.63 554422.22 15.11
192249.63 554332.22 13.37
192249.63 554242.22 10.77
192249.63 554152.22 12.36
192249.63 554062.22 14.16
192249.63 553972.22 13.29
192249.63 553882.22 13.26
192249.63 553792.22 14.89
192249.63 553702.22 14.81
192249.63 553612.22 14.79
192249.63 553522.22 17.03
192249.63 553432.22 20.56
192249.63 553342.22 20.87
192249.63 553252.22 21.21
192249.63 553162.22 29.10
192249.63 553072.22 31.44
192249.63 552982.22 26.88
192249.63 552892.22 22.94
192249.63 552802.22 22.89
192249.63 552712.22 22.67
192249.63 552622.22 22.23
192249.63 552532.22 21.77
192249.63 552442.22 20.38
192249.63 552352.22 18.66
192249.63 552262.22 18.08
192249.63 552172.22 17.20
192249.63 552082.22 15.62
192249.63 551992.22 15.39
192249.63 551902.22 15.84
192249.63 551812.22 15.43
192249.63 551722.22 13.99
192249.63 551632.22 13.21
192249.63 551542.22 13.59
192339.63 554602.22 11.83
192339.63 554512.22 13.20
192339.63 554422.22 14.57
192339.63 554332.22 14.22
192339.63 554242.22 12.45
192339.63 554152.22 12.83
192339.63 554062.22 13.77
192339.63 553972.22 14.58
192339.63 553882.22 16.39
192339.63 553792.22 16.70
192339.63 553702.22 18.63
192339.63 553612.22 20.76
192339.63 553522.22 19.55
192339.63 553432.22 24.34
192339.63 553342.22 31.64
192339.63 553252.22 30.98
192339.63 553162.22 30.01
192339.63 553072.22 32.10
192339.63 552982.22 30.02
192339.63 552892.22 26.36
192339.63 552802.22 22.55
192339.63 552712.22 21.71
192339.63 552622.22 20.12
192339.63 552532.22 19.16
192339.63 552442.22 18.65
192339.63 552352.22 17.94
192339.63 552262.22 17.91
192339.63 552172.22 17.38
192339.63 552082.22 15.60
192339.63 551992.22 15.71
192339.63 551902.22 16.29
192339.63 551812.22 15.73
192339.63 551722.22 13.46
192339.63 551632.22 12.98
192339.63 551542.22 13.04
192339.63 551452.22 18.31
192429.63 554602.22 13.78
192429.63 554512.22 13.69
192429.63 554422.22 14.04
192429.63 554332.22 14.08
192429.63 554242.22 13.24
192429.63 554152.22 13.34
192429.63 554062.22 14.15
192429.63 553972.22 17.01
192429.63 553882.22 20.84
192429.63 553792.22 23.96
192429.63 553702.22 29.02
192429.63 553612.22 30.57
192429.63 553522.22 24.76
192429.63 553432.22 28.34
192429.63 553342.22 33.14
192429.63 553252.22 38.74
192429.63 553162.22 37.89
192429.63 553072.22 36.30
192429.63 552982.22 34.75
192429.63 552892.22 31.93
192429.63 552802.22 24.26
192429.63 552712.22 22.56
192429.63 552622.22 20.73
192429.63 552532.22 19.07
192429.63 552442.22 19.29
192429.63 552352.22 18.85
192429.63 552262.22 18.29
192429.63 552172.22 18.26
192429.63 552082.22 16.47
192429.63 551992.22 15.64
192429.63 551902.22 14.98
192429.63 551812.22 14.34
192429.63 551722.22 13.63
192429.63 551632.22 13.08
192429.63 551542.22 13.11
192429.63 551452.22 14.47
192519.63 554602.22 14.09
192519.63 554512.22 14.09
192519.63 554422.22 14.68
192519.63 554332.22 14.91
192519.63 554242.22 14.07
192519.63 554152.22 14.77
192519.63 554062.22 16.67
192519.63 553972.22 22.34
192519.63 553882.22 28.76
192519.63 553792.22 34.27
192519.63 553702.22 38.87
192519.63 553612.22 35.61
192519.63 553522.22 29.69
192519.63 553432.22 34.09
192519.63 553342.22 38.35
192519.63 553252.22 46.32
192519.63 553162.22 45.65
192519.63 553072.22 41.40
192519.63 552982.22 38.45
192519.63 552892.22 33.75
192519.63 552802.22 25.47
192519.63 552712.22 24.67
192519.63 552622.22 23.95
192519.63 552532.22 19.99
192519.63 552442.22 19.33
192519.63 552352.22 19.46
192519.63 552262.22 19.15
192519.63 552172.22 18.78
192519.63 552082.22 17.78
192519.63 551992.22 14.96
192519.63 551902.22 15.82
192519.63 551812.22 13.76
192519.63 551722.22 13.57
192519.63 551632.22 13.51
192519.63 551542.22 13.13
192519.63 551452.22 13.09
192519.63 551362.22 14.62
192609.63 554512.22 14.31
192609.63 554422.22 14.67
192609.63 554332.22 15.03
192609.63 554242.22 14.71
192609.63 554152.22 15.44
192609.63 554062.22 18.08
192609.63 553972.22 20.97
192609.63 553882.22 27.19
192609.63 553792.22 38.29
192609.63 553702.22 42.48
192609.63 553612.22 36.11
192609.63 553522.22 33.39
192609.63 553432.22 41.82
192609.63 553342.22 47.71
192609.63 553252.22 49.75
192609.63 553162.22 48.28
192609.63 553072.22 46.03
192609.63 552982.22 40.31
192609.63 552892.22 34.23
192609.63 552802.22 28.33
192609.63 552712.22 28.12
192609.63 552622.22 25.40
192609.63 552532.22 19.99
192609.63 552442.22 19.32
192609.63 552352.22 18.08
192609.63 552262.22 17.51
192609.63 552172.22 16.78
192609.63 552082.22 14.71
192609.63 551992.22 15.87
192609.63 551902.22 14.90
192609.63 551812.22 13.81
192609.63 551722.22 13.33
192609.63 551632.22 13.09
192609.63 551542.22 12.90
192609.63 551452.22 12.79
192609.63 551362.22 12.56
192609.63 551272.22 11.81
192699.63 554512.22 14.94
192699.63 554422.22 15.68
192699.63 554332.22 16.84
192699.63 554242.22 17.38
192699.63 554152.22 16.96
192699.63 554062.22 17.28
192699.63 553972.22 19.76
192699.63 553882.22 28.26
192699.63 553792.22 38.63
192699.63 553702.22 44.80
192699.63 553612.22 36.33
192699.63 553522.22 39.80
192699.63 553432.22 53.11
192699.63 553342.22 55.31
192699.63 553252.22 48.75
192699.63 553162.22 45.83
192699.63 553072.22 46.41
192699.63 552982.22 40.28
192699.63 552892.22 30.90
192699.63 552802.22 26.64
192699.63 552712.22 24.50
192699.63 552622.22 20.38
192699.63 552532.22 18.51
192699.63 552442.22 17.61
192699.63 552352.22 17.31
192699.63 552262.22 17.59
192699.63 552172.22 17.63
192699.63 552082.22 18.66
192699.63 551992.22 17.62
192699.63 551902.22 13.93
192699.63 551812.22 13.06
192699.63 551722.22 12.55
192699.63 551632.22 12.28
192699.63 551542.22 12.54
192699.63 551452.22 12.69
192699.63 551362.22 12.24
192699.63 551272.22 11.52
192699.63 551182.22 11.47
192789.63 554422.22 18.54
192789.63 554332.22 18.54
192789.63 554242.22 18.13
192789.63 554152.22 17.42
192789.63 554062.22 18.16
192789.63 553972.22 19.39
192789.63 553882.22 23.97
192789.63 553792.22 34.68
192789.63 553702.22 43.52
192789.63 553612.22 38.18
192789.63 553522.22 45.31
192789.63 553432.22 56.41
192789.63 553342.22 58.91
192789.63 553252.22 54.35
192789.63 553162.22 42.92
192789.63 553072.22 37.66
192789.63 552982.22 38.44
192789.63 552892.22 32.67
192789.63 552802.22 21.65
192789.63 552712.22 19.56
192789.63 552622.22 17.97
192789.63 552532.22 18.19
192789.63 552442.22 17.94
192789.63 552352.22 17.67
192789.63 552262.22 17.44
192789.63 552172.22 17.74
192789.63 552082.22 24.05
192789.63 551992.22 18.22
192789.63 551902.22 14.14
192789.63 551812.22 12.87
192789.63 551722.22 12.68
192789.63 551632.22 12.44
192789.63 551542.22 11.86
192789.63 551452.22 11.49
192789.63 551362.22 11.42
192789.63 551272.22 11.63
192789.63 551182.22 11.07
192789.63 551092.22 11.03
192879.63 554422.22 19.26
192879.63 554332.22 19.86
192879.63 554242.22 20.60
192879.63 554152.22 19.20
192879.63 554062.22 20.48
192879.63 553972.22 23.93
192879.63 553882.22 25.81
192879.63 553792.22 31.52
192879.63 553702.22 39.57
192879.63 553612.22 41.95
192879.63 553522.22 50.13
192879.63 553432.22 51.88
192879.63 553342.22 52.83
192879.63 553252.22 53.16
192879.63 553162.22 45.22
192879.63 553072.22 36.11
192879.63 552982.22 29.21
192879.63 552892.22 26.29
192879.63 552802.22 20.32
192879.63 552712.22 18.64
192879.63 552622.22 18.08
192879.63 552532.22 18.21
192879.63 552442.22 18.45
192879.63 552352.22 18.08
192879.63 552262.22 15.65
192879.63 552172.22 20.77
192879.63 552082.22 30.66
192879.63 551992.22 21.56
192879.63 551902.22 16.96
192879.63 551812.22 13.33
192879.63 551722.22 12.32
192879.63 551632.22 12.20
192879.63 551542.22 11.77
192879.63 551452.22 11.09
192879.63 551362.22 10.91
192879.63 551272.22 11.02
192879.63 551182.22 11.10
192879.63 551092.22 10.94
192879.63 551002.22 11.04
192969.63 554332.22 28.16
192969.63 554242.22 27.38
192969.63 554152.22 26.78
192969.63 554062.22 28.64
192969.63 553972.22 34.48
192969.63 553882.22 42.60
192969.63 553792.22 42.70
192969.63 553702.22 46.90
192969.63 553612.22 48.84
192969.63 553522.22 54.60
192969.63 553432.22 50.52
192969.63 553342.22 38.81
192969.63 553252.22 35.29
192969.63 553162.22 31.32
192969.63 553072.22 26.35
192969.63 552982.22 22.15
192969.63 552892.22 20.88
192969.63 552802.22 19.99
192969.63 552712.22 19.36
192969.63 552622.22 18.65
192969.63 552532.22 17.97
192969.63 552442.22 16.53
192969.63 552352.22 17.73
192969.63 552262.22 21.57
192969.63 552172.22 41.44
192969.63 552082.22 58.04
192969.63 551992.22 32.88
192969.63 551902.22 20.44
192969.63 551812.22 15.70
192969.63 551722.22 13.42
192969.63 551632.22 13.23
192969.63 551542.22 12.37
192969.63 551452.22 11.18
192969.63 551362.22 10.95
192969.63 551272.22 10.88
192969.63 551182.22 10.87
192969.63 551092.22 10.83
192969.63 551002.22 11.25
192969.63 550912.22 10.96
193059.63 554512.22 38.10
193059.63 554422.22 36.64
193059.63 554332.22 38.49
193059.63 554242.22 36.79
193059.63 554152.22 37.43
193059.63 554062.22 37.47
193059.63 553972.22 46.20
193059.63 553882.22 46.51
193059.63 553792.22 43.81
193059.63 553702.22 44.34
193059.63 553612.22 46.47
193059.63 553522.22 52.10
193059.63 553432.22 42.88
193059.63 553342.22 32.53
193059.63 553252.22 27.48
193059.63 553162.22 24.29
193059.63 553072.22 21.64
193059.63 552982.22 20.41
193059.63 552892.22 19.92
193059.63 552802.22 19.49
193059.63 552712.22 19.29
193059.63 552622.22 18.49
193059.63 552532.22 16.93
193059.63 552442.22 17.65
193059.63 552352.22 19.66
193059.63 552262.22 31.50
193059.63 552172.22 61.41
193059.63 552082.22 78.37
193059.63 551992.22 42.56
193059.63 551902.22 23.56
193059.63 551812.22 16.85
193059.63 551722.22 13.76
193059.63 551632.22 13.08
193059.63 551542.22 12.81
193059.63 551452.22 12.25
193059.63 551362.22 11.02
193059.63 551272.22 11.14
193059.63 551182.22 10.94
193059.63 551092.22 10.93
193059.63 551002.22 11.00
193059.63 550912.22 11.05
193059.63 550822.22 10.85
193149.63 554602.22 53.13
193149.63 554512.22 49.89
193149.63 554422.22 47.03
193149.63 554332.22 48.79
193149.63 554242.22 53.88
193149.63 554152.22 50.85
193149.63 554062.22 48.99
193149.63 553972.22 45.25
193149.63 553882.22 39.85
193149.63 553792.22 36.94
193149.63 553702.22 36.16
193149.63 553612.22 39.23
193149.63 553522.22 45.83
193149.63 553432.22 37.38
193149.63 553342.22 31.15
193149.63 553252.22 24.42
193149.63 553162.22 22.05
193149.63 553072.22 20.97
193149.63 552982.22 20.36
193149.63 552892.22 20.00
193149.63 552802.22 19.60
193149.63 552712.22 18.94
193149.63 552622.22 17.84
193149.63 552532.22 18.75
193149.63 552442.22 20.98
193149.63 552352.22 27.82
193149.63 552262.22 42.47
193149.63 552172.22 65.29
193149.63 552082.22 70.32
193149.63 551992.22 42.29
193149.63 551902.22 26.40
193149.63 551812.22 19.03
193149.63 551722.22 14.64
193149.63 551632.22 13.21
193149.63 551542.22 12.78
193149.63 551452.22 12.48
193149.63 551362.22 11.67
193149.63 551272.22 11.14
193149.63 551182.22 11.06
193149.63 551092.22 11.05
193149.63 551002.22 11.13
193149.63 550912.22 11.27
193149.63 550822.22 11.36
193149.63 550732.22 11.82
193239.63 554692.22 62.59
193239.63 554602.22 67.81
193239.63 554512.22 70.24
193239.63 554422.22 72.27
193239.63 554332.22 67.23
193239.63 554242.22 66.34
193239.63 554152.22 62.96
193239.63 554062.22 52.51
193239.63 553972.22 44.17
193239.63 553882.22 40.08
193239.63 553792.22 36.28
193239.63 553702.22 33.45
193239.63 553612.22 31.96
193239.63 553522.22 31.01
193239.63 553432.22 28.43
193239.63 553342.22 25.12
193239.63 553252.22 22.38
193239.63 553162.22 21.66
193239.63 553072.22 21.25
193239.63 552982.22 20.91
193239.63 552892.22 20.50
193239.63 552802.22 19.47
193239.63 552712.22 18.25
193239.63 552622.22 19.88
193239.63 552532.22 25.78
193239.63 552442.22 42.32
193239.63 552352.22 54.68
193239.63 552262.22 62.79
193239.63 552172.22 63.84
193239.63 552082.22 72.40
193239.63 551992.22 41.44
193239.63 551902.22 27.10
193239.63 551812.22 20.37
193239.63 551722.22 15.37
193239.63 551632.22 13.61
193239.63 551542.22 13.01
193239.63 551452.22 12.62
193239.63 551362.22 12.11
193239.63 551272.22 11.63
193239.63 551182.22 11.56
193239.63 551092.22 11.86
193239.63 551002.22 11.85
193239.63 550912.22 11.67
193239.63 550822.22 11.55
193239.63 550732.22 12.73
193329.63 554782.22 80.03
193329.63 554692.22 70.18
193329.63 554602.22 77.30
193329.63 554512.22 81.51
193329.63 554422.22 84.94
193329.63 554332.22 84.53
193329.63 554242.22 83.40
193329.63 554152.22 68.95
193329.63 554062.22 58.60
193329.63 553972.22 50.01
193329.63 553882.22 45.53
193329.63 553792.22 40.49
193329.63 553702.22 34.93
193329.63 553612.22 30.74
193329.63 553522.22 26.37
193329.63 553432.22 24.82
193329.63 553342.22 23.43
193329.63 553252.22 22.44
193329.63 553162.22 21.64
193329.63 553072.22 21.39
193329.63 552982.22 20.98
193329.63 552892.22 20.32
193329.63 552802.22 19.00
193329.63 552712.22 21.38
193329.63 552622.22 32.55
193329.63 552532.22 58.61
193329.63 552442.22 72.51
193329.63 552352.22 65.89
193329.63 552262.22 55.07
193329.63 552172.22 52.01
193329.63 552082.22 56.83
193329.63 551992.22 33.83
193329.63 551902.22 25.43
193329.63 551812.22 19.49
193329.63 551722.22 15.10
193329.63 551632.22 13.82
193329.63 551542.22 13.03
193329.63 551452.22 12.72
193329.63 551362.22 13.03
193329.63 551272.22 12.95
193329.63 551182.22 13.12
193329.63 551092.22 13.29
193329.63 551002.22 13.15
193329.63 550912.22 12.49
193329.63 550822.22 12.07
193329.63 550732.22 14.10
193329.63 550642.22 20.05
193419.63 554872.22 102.03
193419.63 554782.22 103.40
193419.63 554692.22 104.37
193419.63 554602.22 120.50
193419.63 554512.22 121.42
193419.63 554422.22 122.75
193419.63 554332.22 113.30
193419.63 554242.22 100.01
193419.63 554152.22 82.82
193419.63 554062.22 66.50
193419.63 553972.22 55.67
193419.63 553882.22 48.96
193419.63 553792.22 42.29
193419.63 553702.22 35.04
193419.63 553612.22 30.87
193419.63 553522.22 26.17
193419.63 553432.22 24.98
193419.63 553342.22 23.89
193419.63 553252.22 22.68
193419.63 553162.22 21.91
193419.63 553072.22 21.78
193419.63 552982.22 21.36
193419.63 552892.22 21.10
193419.63 552802.22 20.86
193419.63 552712.22 28.11
193419.63 552622.22 57.71
193419.63 552532.22 78.01
193419.63 552442.22 69.73
193419.63 552352.22 52.45
193419.63 552262.22 41.24
193419.63 552172.22 41.69
193419.63 552082.22 54.80
193419.63 551992.22 34.76
193419.63 551902.22 24.58
193419.63 551812.22 19.32
193419.63 551722.22 17.98
193419.63 551632.22 14.22
193419.63 551542.22 13.27
193419.63 551452.22 13.46
193419.63 551362.22 13.83
193419.63 551272.22 14.88
193419.63 551182.22 16.58
193419.63 551092.22 17.07
193419.63 551002.22 16.39
193419.63 550912.22 14.44
193419.63 550822.22 12.78
193419.63 550732.22 13.80
193419.63 550642.22 17.06
193419.63 550552.22 20.17
193509.63 554962.22 126.34
193509.63 554872.22 131.32
193509.63 554782.22 137.22
193509.63 554692.22 156.88
193509.63 554602.22 163.69
193509.63 554512.22 167.67
193509.63 554422.22 167.03
193509.63 554332.22 155.96
193509.63 554242.22 132.68
193509.63 554152.22 105.02
193509.63 554062.22 82.88
193509.63 553972.22 67.24
193509.63 553882.22 58.78
193509.63 553792.22 51.27
193509.63 553702.22 40.95
193509.63 553612.22 34.23
193509.63 553522.22 28.75
193509.63 553432.22 26.86
193509.63 553342.22 25.66
193509.63 553252.22 23.65
193509.63 553162.22 21.98
193509.63 553072.22 21.77
193509.63 552982.22 21.61
193509.63 552892.22 21.64
193509.63 552802.22 24.47
193509.63 552712.22 38.23
193509.63 552622.22 59.08
193509.63 552532.22 56.95
193509.63 552442.22 51.73
193509.63 552352.22 40.46
193509.63 552262.22 31.63
193509.63 552172.22 32.98
193509.63 552082.22 41.94
193509.63 551992.22 33.20
193509.63 551902.22 24.98
193509.63 551812.22 19.66
193509.63 551722.22 17.60
193509.63 551632.22 18.60
193509.63 551542.22 14.40
193509.63 551452.22 14.89
193509.63 551362.22 17.70
193509.63 551272.22 21.53
193509.63 551182.22 23.65
193509.63 551092.22 21.42
193509.63 551002.22 18.63
193509.63 550912.22 17.49
193509.63 550822.22 14.93
193509.63 550732.22 14.07
193509.63 550642.22 15.85
193509.63 550552.22 18.39
193509.63 550462.22 25.06
193599.63 555142.22 119.38
193599.63 555052.22 143.78
193599.63 554962.22 162.79
193599.63 554872.22 175.42
193599.63 554782.22 174.41
193599.63 554692.22 199.49
193599.63 554602.22 205.70
193599.63 554512.22 211.22
193599.63 554422.22 203.43
193599.63 554332.22 191.92
193599.63 554242.22 150.72
193599.63 554152.22 117.45
193599.63 554062.22 104.55
193599.63 553972.22 89.73
193599.63 553882.22 73.63
193599.63 553792.22 58.14
193599.63 553702.22 47.97
193599.63 553612.22 42.31
193599.63 553522.22 36.25
193599.63 553432.22 33.57
193599.63 553342.22 28.39
193599.63 553252.22 23.70
193599.63 553162.22 21.87
193599.63 553072.22 21.87
193599.63 552982.22 21.40
193599.63 552892.22 20.55
193599.63 552802.22 26.64
193599.63 552712.22 39.53
193599.63 552622.22 52.28
193599.63 552532.22 39.66
193599.63 552442.22 36.97
193599.63 552352.22 33.03
193599.63 552262.22 26.50
193599.63 552172.22 26.72
193599.63 552082.22 30.79
193599.63 551992.22 24.19
193599.63 551902.22 20.06
193599.63 551812.22 19.19
193599.63 551722.22 16.29
193599.63 551632.22 18.35
193599.63 551542.22 20.28
193599.63 551452.22 16.58
193599.63 551362.22 19.93
193599.63 551272.22 27.71
193599.63 551182.22 34.65
193599.63 551092.22 30.61
193599.63 551002.22 22.92
193599.63 550912.22 17.62
193599.63 550822.22 15.96
193599.63 550732.22 15.98
193599.63 550642.22 16.47
193599.63 550552.22 19.52
193599.63 550462.22 26.41
193599.63 550372.22 37.08
193689.63 555232.22 84.59
193689.63 555142.22 109.39
193689.63 555052.22 136.91
193689.63 554962.22 169.11
193689.63 554872.22 186.18
193689.63 554782.22 183.81
193689.63 554692.22 180.56
193689.63 554602.22 172.83
193689.63 554512.22 167.45
193689.63 554422.22 170.75
193689.63 554332.22 166.13
193689.63 554242.22 157.70
193689.63 554152.22 160.50
193689.63 554062.22 155.18
193689.63 553972.22 133.48
193689.63 553882.22 114.09
193689.63 553792.22 91.78
193689.63 553702.22 80.26
193689.63 553612.22 84.05
193689.63 553522.22 76.34
193689.63 553432.22 55.08
193689.63 553342.22 39.09
193689.63 553252.22 28.29
193689.63 553162.22 23.43
193689.63 553072.22 22.59
193689.63 552982.22 22.53
193689.63 552892.22 30.92
193689.63 552802.22 58.54
193689.63 552712.22 63.34
193689.63 552622.22 47.69
193689.63 552532.22 34.08
193689.63 552442.22 29.58
193689.63 552352.22 26.22
193689.63 552262.22 22.76
193689.63 552172.22 21.43
193689.63 552082.22 20.48
193689.63 551992.22 19.24
193689.63 551902.22 17.74
193689.63 551812.22 17.87
193689.63 551722.22 17.98
193689.63 551632.22 20.52
193689.63 551542.22 23.55
193689.63 551452.22 25.01
193689.63 551362.22 28.67
193689.63 551272.22 34.67
193689.63 551182.22 31.63
193689.63 551092.22 26.48
193689.63 551002.22 23.78
193689.63 550912.22 22.45
193689.63 550822.22 20.11
193689.63 550732.22 19.53
193689.63 550642.22 22.18
193689.63 550552.22 25.01
193689.63 550462.22 33.39
193689.63 550372.22 49.53
193689.63 550282.22 69.23
193779.63 555322.22 71.82
193779.63 555232.22 91.74
193779.63 555142.22 112.72
193779.63 555052.22 139.45
193779.63 554962.22 165.71
193779.63 554872.22 161.34
193779.63 554782.22 159.36
193779.63 554692.22 149.04
193779.63 554602.22 140.14
193779.63 554512.22 136.67
193779.63 554422.22 146.54
193779.63 554332.22 147.16
193779.63 554242.22 137.54
193779.63 554152.22 144.00
193779.63 554062.22 154.18
193779.63 553972.22 155.71
193779.63 553882.22 140.06
193779.63 553792.22 110.14
193779.63 553702.22 94.32
193779.63 553612.22 86.12
193779.63 553522.22 81.54
193779.63 553432.22 64.32
193779.63 553342.22 53.78
193779.63 553252.22 30.80
193779.63 553162.22 22.85
193779.63 553072.22 21.18
193779.63 552982.22 24.43
193779.63 552892.22 38.91
193779.63 552802.22 81.18
193779.63 552712.22 70.54
193779.63 552622.22 53.00
193779.63 552532.22 38.43
193779.63 552442.22 30.38
193779.63 552352.22 25.68
193779.63 552262.22 22.19
193779.63 552172.22 20.41
193779.63 552082.22 18.75
193779.63 551992.22 18.50
193779.63 551902.22 18.90
193779.63 551812.22 18.72
193779.63 551722.22 20.02
193779.63 551632.22 24.50
193779.63 551542.22 29.30
193779.63 551452.22 27.79
193779.63 551362.22 33.53
193779.63 551272.22 39.10
193779.63 551182.22 38.98
193779.63 551092.22 36.81
193779.63 551002.22 33.45
193779.63 550912.22 31.93
193779.63 550822.22 25.45
193779.63 550732.22 24.93
193779.63 550642.22 24.95
193779.63 550552.22 28.37
193779.63 550462.22 35.87
193779.63 550372.22 52.99
193779.63 550282.22 65.85
193779.63 550192.22 54.34
193869.63 555412.22 55.49
193869.63 555322.22 70.25
193869.63 555232.22 90.65
193869.63 555142.22 116.59
193869.63 555052.22 142.39
193869.63 554962.22 149.30
193869.63 554872.22 134.74
193869.63 554782.22 133.42
193869.63 554692.22 126.27
193869.63 554602.22 116.32
193869.63 554512.22 114.10
193869.63 554422.22 124.99
193869.63 554332.22 129.39
193869.63 554242.22 119.43
193869.63 554152.22 117.50
193869.63 554062.22 129.28
193869.63 553972.22 150.29
193869.63 553882.22 153.95
193869.63 553792.22 128.56
193869.63 553702.22 103.42
193869.63 553612.22 80.10
193869.63 553522.22 66.24
193869.63 553432.22 62.55
193869.63 553342.22 51.02
193869.63 553252.22 31.12
193869.63 553162.22 24.43
193869.63 553072.22 24.39
193869.63 552982.22 25.92
193869.63 552892.22 43.62
193869.63 552802.22 87.82
193869.63 552712.22 77.49
193869.63 552622.22 60.98
193869.63 552532.22 44.91
193869.63 552442.22 36.19
193869.63 552352.22 26.11
193869.63 552262.22 22.56
193869.63 552172.22 20.82
193869.63 552082.22 21.08
193869.63 551992.22 20.66
193869.63 551902.22 20.78
193869.63 551812.22 21.23
193869.63 551722.22 22.04
193869.63 551632.22 28.48
193869.63 551542.22 36.87
193869.63 551452.22 35.93
193869.63 551362.22 44.80
193869.63 551272.22 44.91
193869.63 551182.22 42.64
193869.63 551092.22 41.51
193869.63 551002.22 41.46
193869.63 550912.22 37.20
193869.63 550822.22 31.30
193869.63 550732.22 26.18
193869.63 550642.22 20.46
193869.63 550552.22 23.38
193869.63 550462.22 28.88
193869.63 550372.22 42.65
193869.63 550282.22 54.65
193869.63 550192.22 32.97
193869.63 550102.22 20.84
193959.63 555502.22 44.23
193959.63 555412.22 55.76
193959.63 555322.22 71.39
193959.63 555232.22 95.95
193959.63 555142.22 121.56
193959.63 555052.22 133.67
193959.63 554962.22 121.41
193959.63 554872.22 111.84
193959.63 554782.22 105.17
193959.63 554692.22 104.33
193959.63 554602.22 95.50
193959.63 554512.22 92.91
193959.63 554422.22 98.14
193959.63 554332.22 105.84
193959.63 554242.22 99.20
193959.63 554152.22 97.73
193959.63 554062.22 111.71
193959.63 553972.22 133.50
193959.63 553882.22 138.59
193959.63 553792.22 135.98
193959.63 553702.22 119.41
193959.63 553612.22 83.29
193959.63 553522.22 51.21
193959.63 553432.22 44.97
193959.63 553342.22 41.87
193959.63 553252.22 27.63
193959.63 553162.22 25.27
193959.63 553072.22 26.05
193959.63 552982.22 27.87
193959.63 552892.22 47.43
193959.63 552802.22 87.17
193959.63 552712.22 78.86
193959.63 552622.22 52.93
193959.63 552532.22 38.25
193959.63 552442.22 29.77
193959.63 552352.22 24.54
193959.63 552262.22 22.47
193959.63 552172.22 22.24
193959.63 552082.22 24.99
193959.63 551992.22 25.07
193959.63 551902.22 24.72
193959.63 551812.22 25.46
193959.63 551722.22 24.42
193959.63 551632.22 28.08
193959.63 551542.22 36.76
193959.63 551452.22 41.31
193959.63 551362.22 35.98
193959.63 551272.22 38.40
193959.63 551182.22 35.09
193959.63 551092.22 38.99
193959.63 551002.22 38.37
193959.63 550912.22 35.07
193959.63 550822.22 27.08
193959.63 550732.22 22.25
193959.63 550642.22 18.51
193959.63 550552.22 19.03
193959.63 550462.22 20.76
193959.63 550372.22 31.51
193959.63 550282.22 37.39
193959.63 550192.22 18.20
193959.63 550102.22 13.98
193959.63 550012.22 13.52
194049.63 555682.22 32.44
194049.63 555592.22 35.85
194049.63 555502.22 42.29
194049.63 555412.22 54.54
194049.63 555322.22 75.11
194049.63 555232.22 104.34
194049.63 555142.22 124.18
194049.63 555052.22 114.00
194049.63 554962.22 96.02
194049.63 554872.22 87.89
194049.63 554782.22 82.28
194049.63 554692.22 79.81
194049.63 554602.22 76.58
194049.63 554512.22 75.62
194049.63 554422.22 76.30
194049.63 554332.22 80.88
194049.63 554242.22 78.91
194049.63 554152.22 79.68
194049.63 554062.22 92.14
194049.63 553972.22 103.65
194049.63 553882.22 103.76
194049.63 553792.22 108.79
194049.63 553702.22 111.83
194049.63 553612.22 85.35
194049.63 553522.22 42.87
194049.63 553432.22 32.68
194049.63 553342.22 30.27
194049.63 553252.22 25.47
194049.63 553162.22 26.03
194049.63 553072.22 27.33
194049.63 552982.22 30.14
194049.63 552892.22 50.53
194049.63 552802.22 78.42
194049.63 552712.22 65.58
194049.63 552622.22 46.07
194049.63 552532.22 32.73
194049.63 552442.22 26.29
194049.63 552352.22 24.17
194049.63 552262.22 24.70
194049.63 552172.22 26.16
194049.63 552082.22 31.99
194049.63 551992.22 31.86
194049.63 551902.22 32.28
194049.63 551812.22 33.23
194049.63 551722.22 30.49
194049.63 551632.22 35.62
194049.63 551542.22 39.30
194049.63 551452.22 44.63
194049.63 551362.22 33.04
194049.63 551272.22 30.99
194049.63 551182.22 28.83
194049.63 551092.22 30.04
194049.63 551002.22 29.55
194049.63 550912.22 26.21
194049.63 550822.22 22.43
194049.63 550732.22 19.37
194049.63 550642.22 15.75
194049.63 550552.22 15.67
194049.63 550462.22 17.76
194049.63 550372.22 16.31
194049.63 550282.22 16.77
194049.63 550192.22 13.15
194049.63 550102.22 12.97
194049.63 550012.22 12.92
194139.63 555772.22 33.60
194139.63 555682.22 38.81
194139.63 555592.22 44.52
194139.63 555502.22 46.21
194139.63 555412.22 63.89
194139.63 555322.22 91.69
194139.63 555232.22 111.69
194139.63 555142.22 118.58
194139.63 555052.22 102.82
194139.63 554962.22 83.32
194139.63 554872.22 76.81
194139.63 554782.22 70.28
194139.63 554692.22 65.09
194139.63 554602.22 62.29
194139.63 554512.22 61.02
194139.63 554422.22 58.61
194139.63 554332.22 60.85
194139.63 554242.22 59.26
194139.63 554152.22 57.34
194139.63 554062.22 63.83
194139.63 553972.22 74.46
194139.63 553882.22 79.76
194139.63 553792.22 80.02
194139.63 553702.22 85.92
194139.63 553612.22 67.89
194139.63 553522.22 37.21
194139.63 553432.22 28.74
194139.63 553342.22 26.19
194139.63 553252.22 25.30
194139.63 553162.22 26.88
194139.63 553072.22 31.12
194139.63 552982.22 43.48
194139.63 552892.22 55.34
194139.63 552802.22 64.99
194139.63 552712.22 52.05
194139.63 552622.22 33.73
194139.63 552532.22 28.56
194139.63 552442.22 26.77
194139.63 552352.22 26.83
194139.63 552262.22 27.53
194139.63 552172.22 32.27
194139.63 552082.22 43.78
194139.63 551992.22 41.32
194139.63 551902.22 42.39
194139.63 551812.22 42.72
194139.63 551722.22 44.27
194139.63 551632.22 48.15
194139.63 551542.22 43.50
194139.63 551452.22 39.01
194139.63 551362.22 32.18
194139.63 551272.22 30.98
194139.63 551182.22 29.12
194139.63 551092.22 26.91
194139.63 551002.22 22.73
194139.63 550912.22 21.03
194139.63 550822.22 19.30
194139.63 550732.22 16.70
194139.63 550642.22 14.46
194139.63 550552.22 13.99
194139.63 550462.22 14.39
194139.63 550372.22 14.40
194139.63 550282.22 16.09
194139.63 550192.22 16.54
194139.63 550102.22 15.48
194139.63 550012.22 14.37
194229.63 555862.22 37.79
194229.63 555772.22 35.26
194229.63 555682.22 42.30
194229.63 555592.22 57.58
194229.63 555502.22 57.42
194229.63 555412.22 71.42
194229.63 555322.22 102.00
194229.63 555232.22 124.27
194229.63 555142.22 121.35
194229.63 555052.22 107.03
194229.63 554962.22 89.14
194229.63 554872.22 83.66
194229.63 554782.22 68.26
194229.63 554692.22 62.40
194229.63 554602.22 54.81
194229.63 554512.22 51.89
194229.63 554422.22 50.42
194229.63 554332.22 49.49
194229.63 554242.22 42.74
194229.63 554152.22 37.84
194229.63 554062.22 39.24
194229.63 553972.22 45.45
194229.63 553882.22 53.67
194229.63 553792.22 59.46
194229.63 553702.22 63.09
194229.63 553612.22 51.58
194229.63 553522.22 31.96
194229.63 553432.22 27.08
194229.63 553342.22 23.74
194229.63 553252.22 27.36
194229.63 553162.22 29.93
194229.63 553072.22 33.96
194229.63 552982.22 43.67
194229.63 552892.22 50.82
194229.63 552802.22 50.23
194229.63 552712.22 39.59
194229.63 552622.22 32.08
194229.63 552532.22 30.28
194229.63 552442.22 31.52
194229.63 552352.22 36.20
194229.63 552262.22 41.10
194229.63 552172.22 46.12
194229.63 552082.22 61.46
194229.63 551992.22 57.02
194229.63 551902.22 57.98
194229.63 551812.22 53.77
194229.63 551722.22 56.65
194229.63 551632.22 57.08
194229.63 551542.22 47.43
194229.63 551452.22 41.05
194229.63 551362.22 30.93
194229.63 551272.22 30.07
194229.63 551182.22 29.67
194229.63 551092.22 29.05
194229.63 551002.22 20.67
194229.63 550912.22 18.88
194229.63 550822.22 17.47
194229.63 550732.22 16.02
194229.63 550642.22 15.06
194229.63 550552.22 15.25
194229.63 550462.22 16.17
194229.63 550372.22 18.19
194229.63 550282.22 18.55
194229.63 550192.22 18.23
194229.63 550102.22 16.88
194229.63 550012.22 18.06
194319.63 555952.22 56.46
194319.63 555862.22 47.45
194319.63 555772.22 39.59
194319.63 555682.22 40.24
194319.63 555592.22 54.35
194319.63 555502.22 68.55
194319.63 555412.22 83.99
194319.63 555322.22 101.33
194319.63 555232.22 117.18
194319.63 555142.22 122.30
194319.63 555052.22 120.00
194319.63 554962.22 105.70
194319.63 554872.22 86.24
194319.63 554782.22 69.26
194319.63 554692.22 67.00
194319.63 554602.22 61.67
194319.63 554512.22 52.02
194319.63 554422.22 41.66
194319.63 554332.22 39.90
194319.63 554242.22 32.08
194319.63 554152.22 31.38
194319.63 554062.22 31.15
194319.63 553972.22 31.88
194319.63 553882.22 33.80
194319.63 553792.22 37.44
194319.63 553702.22 42.26
194319.63 553612.22 38.92
194319.63 553522.22 30.26
194319.63 553432.22 27.76
194319.63 553342.22 26.41
194319.63 553252.22 31.74
194319.63 553162.22 38.49
194319.63 553072.22 45.02
194319.63 552982.22 48.81
194319.63 552892.22 51.44
194319.63 552802.22 44.17
194319.63 552712.22 37.21
194319.63 552622.22 34.95
194319.63 552532.22 36.91
194319.63 552442.22 39.40
194319.63 552352.22 51.20
194319.63 552262.22 64.78
194319.63 552172.22 59.66
194319.63 552082.22 74.11
194319.63 551992.22 79.05
194319.63 551902.22 78.54
194319.63 551812.22 69.04
194319.63 551722.22 65.82
194319.63 551632.22 52.76
194319.63 551542.22 43.38
194319.63 551452.22 36.54
194319.63 551362.22 28.29
194319.63 551272.22 27.29
194319.63 551182.22 28.04
194319.63 551092.22 29.41
194319.63 551002.22 19.89
194319.63 550912.22 18.38
194319.63 550822.22 17.58
194319.63 550732.22 17.12
194319.63 550642.22 18.03
194319.63 550552.22 18.84
194319.63 550462.22 22.89
194319.63 550372.22 24.12
194319.63 550282.22 22.34
194319.63 550192.22 18.94
194319.63 550102.22 17.92
194319.63 550012.22 20.48
194409.63 556042.22 85.32
194409.63 555952.22 71.62
194409.63 555862.22 58.35
194409.63 555772.22 66.97
194409.63 555682.22 56.35
194409.63 555592.22 56.15
194409.63 555502.22 57.06
194409.63 555412.22 61.76
194409.63 555322.22 76.57
194409.63 555232.22 76.91
194409.63 555142.22 93.33
194409.63 555052.22 115.93
194409.63 554962.22 133.58
194409.63 554872.22 122.02
194409.63 554782.22 106.87
194409.63 554692.22 97.92
194409.63 554602.22 75.62
194409.63 554512.22 39.85
194409.63 554422.22 35.66
194409.63 554332.22 36.99
194409.63 554242.22 45.13
194409.63 554152.22 37.77
194409.63 554062.22 32.78
194409.63 553972.22 31.25
194409.63 553882.22 30.11
194409.63 553792.22 30.62
194409.63 553702.22 31.93
194409.63 553612.22 31.66
194409.63 553522.22 30.36
194409.63 553432.22 41.16
194409.63 553342.22 54.07
194409.63 553252.22 47.13
194409.63 553162.22 52.46
194409.63 553072.22 63.42
194409.63 552982.22 70.70
194409.63 552892.22 67.83
194409.63 552802.22 47.39
194409.63 552712.22 42.91
194409.63 552622.22 40.11
194409.63 552532.22 43.66
194409.63 552442.22 55.52
194409.63 552352.22 72.58
194409.63 552262.22 74.18
194409.63 552172.22 66.60
194409.63 552082.22 71.77
194409.63 551992.22 66.59
194409.63 551902.22 63.96
194409.63 551812.22 52.95
194409.63 551722.22 46.44
194409.63 551632.22 38.71
194409.63 551542.22 34.96
194409.63 551452.22 31.98
194409.63 551362.22 29.32
194409.63 551272.22 28.98
194409.63 551182.22 27.42
194409.63 551092.22 28.27
194409.63 551002.22 20.57
194409.63 550912.22 19.39
194409.63 550822.22 19.89
194409.63 550732.22 22.36
194409.63 550642.22 21.56
194409.63 550552.22 23.07
194409.63 550462.22 28.19
194409.63 550372.22 32.31
194409.63 550282.22 26.11
194409.63 550192.22 22.76
194409.63 550102.22 20.49
194409.63 550012.22 18.87
194499.63 556222.22 101.71
194499.63 556132.22 101.86
194499.63 556042.22 118.69
194499.63 555952.22 117.22
194499.63 555862.22 105.90
194499.63 555772.22 101.67
194499.63 555682.22 74.83
194499.63 555592.22 65.52
194499.63 555502.22 71.90
194499.63 555412.22 69.50
194499.63 555322.22 59.41
194499.63 555232.22 59.32
194499.63 555142.22 67.02
194499.63 555052.22 92.12
194499.63 554962.22 121.16
194499.63 554872.22 117.59
194499.63 554782.22 105.88
194499.63 554692.22 76.63
194499.63 554602.22 47.43
194499.63 554512.22 36.81
194499.63 554422.22 33.32
194499.63 554332.22 44.92
194499.63 554242.22 65.85
194499.63 554152.22 49.43
194499.63 554062.22 39.28
194499.63 553972.22 36.54
194499.63 553882.22 33.84
194499.63 553792.22 33.73
194499.63 553702.22 40.53
194499.63 553612.22 53.84
194499.63 553522.22 53.31
194499.63 553432.22 49.43
194499.63 553342.22 60.91
194499.63 553252.22 61.50
194499.63 553162.22 65.04
194499.63 553072.22 70.74
194499.63 552982.22 77.32
194499.63 552892.22 68.40
194499.63 552802.22 57.60
194499.63 552712.22 53.81
194499.63 552622.22 50.89
194499.63 552532.22 52.74
194499.63 552442.22 60.23
194499.63 552352.22 76.93
194499.63 552262.22 82.29
194499.63 552172.22 71.93
194499.63 552082.22 65.33
194499.63 551992.22 55.78
194499.63 551902.22 50.39
194499.63 551812.22 44.17
194499.63 551722.22 41.62
194499.63 551632.22 39.19
194499.63 551542.22 37.70
194499.63 551452.22 36.15
194499.63 551362.22 34.65
194499.63 551272.22 34.48
194499.63 551182.22 28.54
194499.63 551092.22 28.44
194499.63 551002.22 21.47
194499.63 550912.22 22.26
194499.63 550822.22 27.18
194499.63 550732.22 30.31
194499.63 550642.22 25.27
194499.63 550552.22 28.98
194499.63 550462.22 35.45
194499.63 550372.22 35.47
194499.63 550282.22 29.04
194499.63 550192.22 27.96
194499.63 550102.22 26.62
194589.63 556312.22 131.08
194589.63 556222.22 126.55
194589.63 556132.22 120.59
194589.63 556042.22 133.15
194589.63 555952.22 150.64
194589.63 555862.22 151.32
194589.63 555772.22 139.66
194589.63 555682.22 104.46
194589.63 555592.22 85.17
194589.63 555502.22 103.87
194589.63 555412.22 98.12
194589.63 555322.22 83.92
194589.63 555232.22 67.22
194589.63 555142.22 54.16
194589.63 555052.22 64.19
194589.63 554962.22 91.44
194589.63 554872.22 93.39
194589.63 554782.22 89.57
194589.63 554692.22 66.78
194589.63 554602.22 39.71
194589.63 554512.22 37.44
194589.63 554422.22 48.17
194589.63 554332.22 74.68
194589.63 554242.22 92.04
194589.63 554152.22 76.06
194589.63 554062.22 58.83
194589.63 553972.22 44.97
194589.63 553882.22 42.95
194589.63 553792.22 43.38
194589.63 553702.22 56.58
194589.63 553612.22 67.32
194589.63 553522.22 72.09
194589.63 553432.22 65.11
194589.63 553342.22 75.55
194589.63 553252.22 82.12
194589.63 553162.22 81.93
194589.63 553072.22 84.37
194589.63 552982.22 83.77
194589.63 552892.22 75.91
194589.63 552802.22 73.19
194589.63 552712.22 68.64
194589.63 552622.22 67.43
194589.63 552532.22 68.41
194589.63 552442.22 70.65
194589.63 552352.22 78.65
194589.63 552262.22 85.23
194589.63 552172.22 76.74
194589.63 552082.22 64.50
194589.63 551992.22 56.66
194589.63 551902.22 51.78
194589.63 551812.22 52.73
194589.63 551722.22 52.70
194589.63 551632.22 54.90
194589.63 551542.22 49.50
194589.63 551452.22 40.39
194589.63 551362.22 37.41
194589.63 551272.22 31.61
194589.63 551182.22 28.54
194589.63 551092.22 29.32
194589.63 551002.22 23.69
194589.63 550912.22 31.33
194589.63 550822.22 39.68
194589.63 550732.22 31.74
194589.63 550642.22 29.87
194589.63 550552.22 37.57
194589.63 550462.22 50.20
194589.63 550372.22 45.59
194589.63 550282.22 39.73
194589.63 550192.22 36.79
194589.63 550102.22 35.06
194679.63 556402.22 135.12
194679.63 556312.22 152.53
194679.63 556222.22 151.62
194679.63 556132.22 145.47
194679.63 556042.22 143.40
194679.63 555952.22 150.47
194679.63 555862.22 158.09
194679.63 555772.22 147.85
194679.63 555682.22 130.41
194679.63 555592.22 115.44
194679.63 555502.22 133.98
194679.63 555412.22 131.16
194679.63 555322.22 102.84
194679.63 555232.22 83.09
194679.63 555142.22 64.20
194679.63 555052.22 52.77
194679.63 554962.22 54.96
194679.63 554872.22 57.70
194679.63 554782.22 61.57
194679.63 554692.22 54.18
194679.63 554602.22 37.45
194679.63 554512.22 37.25
194679.63 554422.22 46.65
194679.63 554332.22 67.52
194679.63 554242.22 84.93
194679.63 554152.22 74.55
194679.63 554062.22 74.14
194679.63 553972.22 66.39
194679.63 553882.22 50.38
194679.63 553792.22 49.77
194679.63 553702.22 62.32
194679.63 553612.22 74.21
194679.63 553522.22 87.29
194679.63 553432.22 85.13
194679.63 553342.22 95.61
194679.63 553252.22 107.72
194679.63 553162.22 103.40
194679.63 553072.22 105.59
194679.63 552982.22 110.18
194679.63 552892.22 108.72
194679.63 552802.22 91.21
194679.63 552712.22 87.58
194679.63 552622.22 84.83
194679.63 552532.22 85.07
194679.63 552442.22 84.84
194679.63 552352.22 89.86
194679.63 552262.22 91.65
194679.63 552172.22 82.53
194679.63 552082.22 71.32
194679.63 551992.22 60.09
194679.63 551902.22 56.56
194679.63 551812.22 64.64
194679.63 551722.22 73.80
194679.63 551632.22 71.18
194679.63 551542.22 52.99
194679.63 551452.22 42.31
194679.63 551362.22 37.65
194679.63 551272.22 30.14
194679.63 551182.22 27.85
194679.63 551092.22 28.63
194679.63 551002.22 35.19
194679.63 550912.22 55.10
194679.63 550822.22 45.20
194679.63 550732.22 33.87
194679.63 550642.22 38.63
194679.63 550552.22 47.45
194679.63 550462.22 64.23
194679.63 550372.22 70.18
194679.63 550282.22 55.70
194679.63 550192.22 44.20
194679.63 550102.22 35.14
194769.63 556492.22 123.70
194769.63 556402.22 148.98
194769.63 556312.22 168.27
194769.63 556222.22 177.80
194769.63 556132.22 177.63
194769.63 556042.22 171.67
194769.63 555952.22 172.74
194769.63 555862.22 163.97
194769.63 555772.22 147.71
194769.63 555682.22 140.40
194769.63 555592.22 126.10
194769.63 555502.22 131.99
194769.63 555412.22 135.05
194769.63 555322.22 114.81
194769.63 555232.22 95.38
194769.63 555142.22 74.93
194769.63 555052.22 63.16
194769.63 554962.22 47.65
194769.63 554872.22 47.23
194769.63 554782.22 43.52
194769.63 554692.22 40.43
194769.63 554602.22 37.18
194769.63 554512.22 36.45
194769.63 554422.22 40.34
194769.63 554332.22 51.67
194769.63 554242.22 59.97
194769.63 554152.22 59.46
194769.63 554062.22 77.39
194769.63 553972.22 74.09
194769.63 553882.22 56.49
194769.63 553792.22 59.45
194769.63 553702.22 76.30
194769.63 553612.22 101.77
194769.63 553522.22 114.74
194769.63 553432.22 108.63
194769.63 553342.22 118.13
194769.63 553252.22 130.98
194769.63 553162.22 131.61
194769.63 553072.22 133.28
194769.63 552982.22 133.10
194769.63 552892.22 129.86
194769.63 552802.22 116.51
194769.63 552712.22 114.49
194769.63 552622.22 111.53
194769.63 552532.22 108.24
194769.63 552442.22 98.28
194769.63 552352.22 98.92
194769.63 552262.22 102.99
194769.63 552172.22 91.49
194769.63 552082.22 81.58
194769.63 551992.22 66.62
194769.63 551902.22 63.98
194769.63 551812.22 68.85
194769.63 551722.22 72.55
194769.63 551632.22 60.08
194769.63 551542.22 51.61
194769.63 551452.22 43.40
194769.63 551362.22 31.57
194769.63 551272.22 28.90
194769.63 551182.22 28.22
194769.63 551092.22 31.90
194769.63 551002.22 39.51
194769.63 550912.22 52.64
194769.63 550822.22 40.80
194769.63 550732.22 36.04
194769.63 550642.22 44.86
194769.63 550552.22 62.35
194769.63 550462.22 76.97
194769.63 550372.22 84.51
194769.63 550282.22 65.78
194769.63 550192.22 45.87
194769.63 550102.22 33.48
194859.63 556582.22 83.22
194859.63 556492.22 103.62
194859.63 556402.22 135.46
194859.63 556312.22 162.50
194859.63 556222.22 185.25
194859.63 556132.22 194.89
194859.63 556042.22 181.79
194859.63 555952.22 168.24
194859.63 555862.22 156.22
194859.63 555772.22 140.37
194859.63 555682.22 130.58
194859.63 555592.22 117.88
194859.63 555502.22 116.11
194859.63 555412.22 128.47
194859.63 555322.22 128.13
194859.63 555232.22 114.08
194859.63 555142.22 101.57
194859.63 555052.22 85.74
194859.63 554962.22 61.04
194859.63 554872.22 49.37
194859.63 554782.22 44.03
194859.63 554692.22 37.45
194859.63 554602.22 37.64
194859.63 554512.22 37.14
194859.63 554422.22 37.15
194859.63 554332.22 41.09
194859.63 554242.22 48.88
194859.63 554152.22 53.64
194859.63 554062.22 71.52
194859.63 553972.22 85.72
194859.63 553882.22 73.30
194859.63 553792.22 69.00
194859.63 553702.22 84.71
194859.63 553612.22 108.42
194859.63 553522.22 126.89
194859.63 553432.22 131.06
194859.63 553342.22 141.14
194859.63 553252.22 155.54
194859.63 553162.22 161.54
194859.63 553072.22 163.09
194859.63 552982.22 160.64
194859.63 552892.22 153.50
194859.63 552802.22 145.62
194859.63 552712.22 143.51
194859.63 552622.22 136.00
194859.63 552532.22 128.77
194859.63 552442.22 119.92
194859.63 552352.22 115.53
194859.63 552262.22 117.57
194859.63 552172.22 103.89
194859.63 552082.22 83.65
194859.63 551992.22 72.75
194859.63 551902.22 70.44
194859.63 551812.22 69.50
194859.63 551722.22 65.06
194859.63 551632.22 56.69
194859.63 551542.22 49.33
194859.63 551452.22 41.97
194859.63 551362.22 30.50
194859.63 551272.22 30.05
194859.63 551182.22 31.43
194859.63 551092.22 33.39
194859.63 551002.22 33.94
194859.63 550912.22 37.89
194859.63 550822.22 37.43
194859.63 550732.22 40.23
194859.63 550642.22 52.19
194859.63 550552.22 70.79
194859.63 550462.22 90.01
194859.63 550372.22 85.54
194859.63 550282.22 63.02
194859.63 550192.22 44.97
194949.63 556762.22 70.37
194949.63 556672.22 67.09
194949.63 556582.22 86.12
194949.63 556492.22 109.14
194949.63 556402.22 145.06
194949.63 556312.22 170.93
194949.63 556222.22 193.67
194949.63 556132.22 202.00
194949.63 556042.22 188.42
194949.63 555952.22 170.67
194949.63 555862.22 148.61
194949.63 555772.22 123.51
194949.63 555682.22 102.55
194949.63 555592.22 99.76
194949.63 555502.22 94.89
194949.63 555412.22 106.12
194949.63 555322.22 118.10
194949.63 555232.22 102.95
194949.63 555142.22 93.89
194949.63 555052.22 80.89
194949.63 554962.22 76.54
194949.63 554872.22 46.58
194949.63 554782.22 38.77
194949.63 554692.22 38.00
194949.63 554602.22 37.69
194949.63 554512.22 37.48
194949.63 554422.22 37.57
194949.63 554332.22 38.39
194949.63 554242.22 42.73
194949.63 554152.22 47.56
194949.63 554062.22 59.71
194949.63 553972.22 70.18
194949.63 553882.22 60.74
194949.63 553792.22 66.49
194949.63 553702.22 77.83
194949.63 553612.22 97.02
194949.63 553522.22 136.64
194949.63 553432.22 158.49
194949.63 553342.22 167.44
194949.63 553252.22 195.38
194949.63 553162.22 200.82
194949.63 553072.22 199.15
194949.63 552982.22 193.75
194949.63 552892.22 186.02
194949.63 552802.22 183.89
194949.63 552712.22 172.81
194949.63 552622.22 159.11
194949.63 552532.22 142.01
194949.63 552442.22 138.73
194949.63 552352.22 130.51
194949.63 552262.22 124.49
194949.63 552172.22 113.65
194949.63 552082.22 90.79
194949.63 551992.22 78.96
194949.63 551902.22 67.90
194949.63 551812.22 60.66
194949.63 551722.22 58.31
194949.63 551632.22 54.60
194949.63 551542.22 46.26
194949.63 551452.22 37.41
194949.63 551362.22 33.30
194949.63 551272.22 35.03
194949.63 551182.22 35.78
194949.63 551092.22 35.87
194949.63 551002.22 33.44
194949.63 550912.22 34.96
194949.63 550822.22 37.27
194949.63 550732.22 44.08
194949.63 550642.22 59.86
194949.63 550552.22 75.30
194949.63 550462.22 77.13
194949.63 550372.22 71.29
194949.63 550282.22 53.56
194949.63 550192.22 37.36
195039.63 556852.22 89.37
195039.63 556762.22 77.44
195039.63 556672.22 70.28
195039.63 556582.22 87.15
195039.63 556492.22 114.50
195039.63 556402.22 156.69
195039.63 556312.22 175.49
195039.63 556222.22 197.39
195039.63 556132.22 206.53
195039.63 556042.22 188.34
195039.63 555952.22 163.85
195039.63 555862.22 137.49
195039.63 555772.22 110.32
195039.63 555682.22 92.51
195039.63 555592.22 77.13
195039.63 555502.22 73.21
195039.63 555412.22 89.43
195039.63 555322.22 89.58
195039.63 555232.22 82.45
195039.63 555142.22 66.63
195039.63 555052.22 62.94
195039.63 554962.22 58.14
195039.63 554872.22 43.06
195039.63 554782.22 38.54
195039.63 554692.22 38.14
195039.63 554602.22 37.10
195039.63 554512.22 37.91
195039.63 554422.22 40.06
195039.63 554332.22 38.74
195039.63 554242.22 40.91
195039.63 554152.22 43.26
195039.63 554062.22 48.34
195039.63 553972.22 53.65
195039.63 553882.22 57.49
195039.63 553792.22 66.85
195039.63 553702.22 82.04
195039.63 553612.22 106.60
195039.63 553522.22 147.55
195039.63 553432.22 176.35
195039.63 553342.22 193.46
195039.63 553252.22 217.39
195039.63 553162.22 237.86
195039.63 553072.22 242.67
195039.63 552982.22 227.35
195039.63 552892.22 207.69
195039.63 552802.22 188.22
195039.63 552712.22 174.25
195039.63 552622.22 166.77
195039.63 552532.22 154.36
195039.63 552442.22 145.96
195039.63 552352.22 128.67
195039.63 552262.22 118.99
195039.63 552172.22 107.65
195039.63 552082.22 102.51
195039.63 551992.22 90.87
195039.63 551902.22 72.41
195039.63 551812.22 56.21
195039.63 551722.22 49.52
195039.63 551632.22 45.16
195039.63 551542.22 40.26
195039.63 551452.22 37.56
195039.63 551362.22 39.90
195039.63 551272.22 41.99
195039.63 551182.22 38.51
195039.63 551092.22 35.24
195039.63 551002.22 35.16
195039.63 550912.22 36.90
195039.63 550822.22 40.23
195039.63 550732.22 49.15
195039.63 550642.22 64.75
195039.63 550552.22 58.04
195039.63 550462.22 54.36
195039.63 550372.22 48.99
195039.63 550282.22 36.63
195039.63 550192.22 23.97
195129.63 556942.22 105.36
195129.63 556852.22 89.44
195129.63 556762.22 85.70
195129.63 556672.22 112.22
195129.63 556582.22 120.86
195129.63 556492.22 137.95
195129.63 556402.22 181.38
195129.63 556312.22 197.86
195129.63 556222.22 189.55
195129.63 556132.22 178.44
195129.63 556042.22 162.34
195129.63 555952.22 133.78
195129.63 555862.22 114.94
195129.63 555772.22 103.36
195129.63 555682.22 77.25
195129.63 555592.22 68.40
195129.63 555502.22 59.43
195129.63 555412.22 53.12
195129.63 555322.22 53.49
195129.63 555232.22 53.45
195129.63 555142.22 50.39
195129.63 555052.22 46.91
195129.63 554962.22 41.73
195129.63 554872.22 37.80
195129.63 554782.22 38.46
195129.63 554692.22 38.33
195129.63 554602.22 37.50
195129.63 554512.22 37.30
195129.63 554422.22 38.14
195129.63 554332.22 39.28
195129.63 554242.22 40.85
195129.63 554152.22 44.00
195129.63 554062.22 48.21
195129.63 553972.22 54.81
195129.63 553882.22 65.24
195129.63 553792.22 76.51
195129.63 553702.22 85.42
195129.63 553612.22 101.93
195129.63 553522.22 145.34
195129.63 553432.22 170.39
195129.63 553342.22 180.56
195129.63 553252.22 191.46
195129.63 553162.22 230.33
195129.63 553072.22 264.95
195129.63 552982.22 272.52
195129.63 552892.22 234.00
195129.63 552802.22 188.27
195129.63 552712.22 162.77
195129.63 552622.22 145.17
195129.63 552532.22 127.88
195129.63 552442.22 110.87
195129.63 552352.22 100.94
195129.63 552262.22 95.69
195129.63 552172.22 85.51
195129.63 552082.22 74.95
195129.63 551992.22 70.19
195129.63 551902.22 63.67
195129.63 551812.22 51.63
195129.63 551722.22 46.14
195129.63 551632.22 45.49
195129.63 551542.22 48.73
195129.63 551452.22 51.73
195129.63 551362.22 53.91
195129.63 551272.22 47.04
195129.63 551182.22 42.77
195129.63 551092.22 41.82
195129.63 551002.22 44.12
195129.63 550912.22 47.02
195129.63 550822.22 49.73
195129.63 550732.22 49.27
195129.63 550642.22 47.69
195129.63 550552.22 42.57
195129.63 550462.22 38.81
195129.63 550372.22 33.60
195129.63 550282.22 25.72
195219.63 557032.22 141.24
195219.63 556942.22 135.42
195219.63 556852.22 110.82
195219.63 556762.22 93.88
195219.63 556672.22 115.39
195219.63 556582.22 144.54
195219.63 556492.22 168.07
195219.63 556402.22 184.40
195219.63 556312.22 182.16
195219.63 556222.22 173.37
195219.63 556132.22 144.42
195219.63 556042.22 129.18
195219.63 555952.22 107.53
195219.63 555862.22 95.96
195219.63 555772.22 91.62
195219.63 555682.22 73.82
195219.63 555592.22 62.67
195219.63 555502.22 55.31
195219.63 555412.22 46.28
195219.63 555322.22 40.72
195219.63 555232.22 41.96
195219.63 555142.22 40.96
195219.63 555052.22 39.61
195219.63 554962.22 37.48
195219.63 554872.22 38.90
195219.63 554782.22 38.74
195219.63 554692.22 38.73
195219.63 554602.22 37.98
195219.63 554512.22 39.08
195219.63 554422.22 42.89
195219.63 554332.22 42.75
195219.63 554242.22 40.63
195219.63 554152.22 41.51
195219.63 554062.22 47.06
195219.63 553972.22 61.74
195219.63 553882.22 72.86
195219.63 553792.22 78.09
195219.63 553702.22 82.19
195219.63 553612.22 100.04
195219.63 553522.22 134.54
195219.63 553432.22 141.90
195219.63 553342.22 149.19
195219.63 553252.22 170.25
195219.63 553162.22 204.60
195219.63 553072.22 247.36
195219.63 552982.22 271.75
195219.63 552892.22 227.57
195219.63 552802.22 178.67
195219.63 552712.22 154.36
195219.63 552622.22 135.06
195219.63 552532.22 117.71
195219.63 552442.22 105.27
195219.63 552352.22 101.74
195219.63 552262.22 103.48
195219.63 552172.22 94.89
195219.63 552082.22 69.20
195219.63 551992.22 60.77
195219.63 551902.22 54.47
195219.63 551812.22 51.85
195219.63 551722.22 53.77
195219.63 551632.22 60.03
195219.63 551542.22 65.71
195219.63 551452.22 59.41
195219.63 551362.22 49.86
195219.63 551272.22 50.63
195219.63 551182.22 45.69
195219.63 551092.22 50.95
195219.63 551002.22 57.20
195219.63 550912.22 56.81
195219.63 550822.22 57.80
195219.63 550732.22 52.65
195219.63 550642.22 47.51
195219.63 550552.22 43.54
195219.63 550462.22 35.02
195219.63 550372.22 28.85
195219.63 550282.22 23.67
195309.63 557122.22 159.23
195309.63 557032.22 149.63
195309.63 556942.22 138.65
195309.63 556852.22 115.68
195309.63 556762.22 98.01
195309.63 556672.22 108.88
195309.63 556582.22 149.17
195309.63 556492.22 169.16
195309.63 556402.22 168.29
195309.63 556312.22 154.16
195309.63 556222.22 148.32
195309.63 556132.22 132.97
195309.63 556042.22 106.12
195309.63 555952.22 93.02
195309.63 555862.22 80.93
195309.63 555772.22 74.97
195309.63 555682.22 60.52
195309.63 555592.22 52.17
195309.63 555502.22 44.27
195309.63 555412.22 42.10
195309.63 555322.22 41.80
195309.63 555232.22 41.05
195309.63 555142.22 39.79
195309.63 555052.22 39.59
195309.63 554962.22 39.09
195309.63 554872.22 39.78
195309.63 554782.22 41.78
195309.63 554692.22 40.90
195309.63 554602.22 40.55
195309.63 554512.22 44.02
195309.63 554422.22 54.33
195309.63 554332.22 46.58
195309.63 554242.22 43.63
195309.63 554152.22 42.74
195309.63 554062.22 43.18
195309.63 553972.22 48.50
195309.63 553882.22 58.80
195309.63 553792.22 71.16
195309.63 553702.22 75.44
195309.63 553612.22 90.02
195309.63 553522.22 109.79
195309.63 553432.22 119.29
195309.63 553342.22 139.41
195309.63 553252.22 162.14
195309.63 553162.22 185.69
195309.63 553072.22 224.79
195309.63 552982.22 240.65
195309.63 552892.22 227.43
195309.63 552802.22 172.01
195309.63 552712.22 149.53
195309.63 552622.22 133.76
195309.63 552532.22 125.79
195309.63 552442.22 115.61
195309.63 552352.22 112.30
195309.63 552262.22 111.99
195309.63 552172.22 92.63
195309.63 552082.22 70.43
195309.63 551992.22 64.28
195309.63 551902.22 62.02
195309.63 551812.22 62.54
195309.63 551722.22 75.96
195309.63 551632.22 84.50
195309.63 551542.22 75.66
195309.63 551452.22 62.99
195309.63 551362.22 54.81
195309.63 551272.22 56.98
195309.63 551182.22 58.44
195309.63 551092.22 63.51
195309.63 551002.22 67.67
195309.63 550912.22 64.44
195309.63 550822.22 63.53
195309.63 550732.22 58.55
195309.63 550642.22 58.98
195309.63 550552.22 53.35
195309.63 550462.22 44.66
195309.63 550372.22 39.13
195309.63 550282.22 31.04
195399.63 557212.22 150.22
195399.63 557122.22 140.03
195399.63 557032.22 129.36
195399.63 556942.22 116.24
195399.63 556852.22 109.91
195399.63 556762.22 110.17
195399.63 556672.22 116.46
195399.63 556582.22 139.75
195399.63 556492.22 161.64
195399.63 556402.22 160.84
195399.63 556312.22 142.33
195399.63 556222.22 125.70
195399.63 556132.22 116.72
195399.63 556042.22 97.22
195399.63 555952.22 82.56
195399.63 555862.22 72.04
195399.63 555772.22 63.00
195399.63 555682.22 48.91
195399.63 555592.22 45.43
195399.63 555502.22 42.30
195399.63 555412.22 40.44
195399.63 555322.22 41.94
195399.63 555232.22 40.54
195399.63 555142.22 39.53
195399.63 555052.22 39.61
195399.63 554962.22 41.11
195399.63 554872.22 44.34
195399.63 554782.22 49.53
195399.63 554692.22 50.91
195399.63 554602.22 51.88
195399.63 554512.22 55.07
195399.63 554422.22 59.79
195399.63 554332.22 55.21
195399.63 554242.22 50.81
195399.63 554152.22 48.79
195399.63 554062.22 46.96
195399.63 553972.22 44.60
195399.63 553882.22 48.20
195399.63 553792.22 55.88
195399.63 553702.22 62.01
195399.63 553612.22 77.28
195399.63 553522.22 96.47
195399.63 553432.22 116.76
195399.63 553342.22 138.94
195399.63 553252.22 155.09
195399.63 553162.22 169.62
195399.63 553072.22 182.51
195399.63 552982.22 196.61
195399.63 552892.22 196.86
195399.63 552802.22 172.43
195399.63 552712.22 158.90
195399.63 552622.22 151.14
195399.63 552532.22 144.74
195399.63 552442.22 130.90
195399.63 552352.22 126.24
195399.63 552262.22 117.36
195399.63 552172.22 99.03
195399.63 552082.22 79.47
195399.63 551992.22 74.22
195399.63 551902.22 75.96
195399.63 551812.22 88.37
195399.63 551722.22 100.34
195399.63 551632.22 93.22
195399.63 551542.22 82.32
195399.63 551452.22 74.17
195399.63 551362.22 69.68
195399.63 551272.22 73.39
195399.63 551182.22 73.86
195399.63 551092.22 75.20
195399.63 551002.22 78.96
195399.63 550912.22 76.35
195399.63 550822.22 72.95
195399.63 550732.22 68.64
195399.63 550642.22 69.46
195399.63 550552.22 62.38
195399.63 550462.22 58.16
195399.63 550372.22 50.07
195489.63 557212.22 160.91
195489.63 557122.22 135.80
195489.63 557032.22 133.64
195489.63 556942.22 135.99
195489.63 556852.22 139.58
195489.63 556762.22 137.15
195489.63 556672.22 139.31
195489.63 556582.22 141.71
195489.63 556492.22 147.82
195489.63 556402.22 140.57
195489.63 556312.22 121.57
195489.63 556222.22 106.41
195489.63 556132.22 94.88
195489.63 556042.22 83.41
195489.63 555952.22 74.39
195489.63 555862.22 68.06
195489.63 555772.22 57.10
195489.63 555682.22 49.36
195489.63 555592.22 47.31
195489.63 555502.22 44.88
195489.63 555412.22 42.82
195489.63 555322.22 45.84
195489.63 555232.22 45.24
195489.63 555142.22 43.44
195489.63 555052.22 42.57
195489.63 554962.22 45.48
195489.63 554872.22 55.43
195489.63 554782.22 62.24
195489.63 554692.22 68.12
195489.63 554602.22 71.59
195489.63 554512.22 71.40
195489.63 554422.22 71.37
195489.63 554332.22 65.39
195489.63 554242.22 61.65
195489.63 554152.22 56.34
195489.63 554062.22 50.30
195489.63 553972.22 49.24
195489.63 553882.22 47.92
195489.63 553792.22 48.82
195489.63 553702.22 53.71
195489.63 553612.22 63.84
195489.63 553522.22 84.29
195489.63 553432.22 102.40
195489.63 553342.22 122.13
195489.63 553252.22 132.05
195489.63 553162.22 140.16
195489.63 553072.22 148.93
195489.63 552982.22 169.70
195489.63 552892.22 188.75
195489.63 552802.22 179.74
195489.63 552712.22 181.52
195489.63 552622.22 176.53
195489.63 552532.22 168.66
195489.63 552442.22 152.94
195489.63 552352.22 144.91
195489.63 552262.22 130.36
195489.63 552172.22 112.38
195489.63 552082.22 99.70
195489.63 551992.22 99.58
195489.63 551902.22 104.12
195489.63 551812.22 114.66
195489.63 551722.22 109.52
195489.63 551632.22 108.05
195489.63 551542.22 99.67
195489.63 551452.22 87.97
195489.63 551362.22 82.93
195489.63 551272.22 83.76
195489.63 551182.22 86.32
195489.63 551092.22 84.44
195489.63 551002.22 83.89
195489.63 550912.22 77.27
195489.63 550822.22 67.12
195489.63 550732.22 67.10
195489.63 550642.22 79.74
195489.63 550552.22 78.24
195489.63 550462.22 68.77
195489.63 550372.22 62.06
195579.63 557212.22 189.50
195579.63 557122.22 166.16
195579.63 557032.22 160.05
195579.63 556942.22 159.33
195579.63 556852.22 164.74
195579.63 556762.22 175.16
195579.63 556672.22 184.40
195579.63 556582.22 179.97
195579.63 556492.22 163.93
195579.63 556402.22 138.77
195579.63 556312.22 115.69
195579.63 556222.22 103.59
195579.63 556132.22 98.42
195579.63 556042.22 95.36
195579.63 555952.22 83.68
195579.63 555862.22 76.33
195579.63 555772.22 69.28
195579.63 555682.22 60.97
195579.63 555592.22 57.77
195579.63 555502.22 57.06
195579.63 555412.22 45.12
195579.63 555322.22 43.84
195579.63 555232.22 46.62
195579.63 555142.22 51.74
195579.63 555052.22 55.90
195579.63 554962.22 51.73
195579.63 554872.22 56.72
195579.63 554782.22 67.51
195579.63 554692.22 75.33
195579.63 554602.22 89.09
195579.63 554512.22 104.23
195579.63 554422.22 101.82
195579.63 554332.22 81.36
195579.63 554242.22 67.35
195579.63 554152.22 61.74
195579.63 554062.22 57.35
195579.63 553972.22 60.62
195579.63 553882.22 59.08
195579.63 553792.22 51.30
195579.63 553702.22 50.61
195579.63 553612.22 56.80
195579.63 553522.22 70.36
195579.63 553432.22 83.53
195579.63 553342.22 91.74
195579.63 553252.22 98.86
195579.63 553162.22 111.31
195579.63 553072.22 131.58
195579.63 552982.22 146.92
195579.63 552892.22 167.24
195579.63 552802.22 159.77
195579.63 552712.22 171.37
195579.63 552622.22 189.85
195579.63 552532.22 195.45
195579.63 552442.22 184.16
195579.63 552352.22 172.30
195579.63 552262.22 150.02
195579.63 552172.22 126.03
195579.63 552082.22 111.78
195579.63 551992.22 112.83
195579.63 551902.22 110.05
195579.63 551812.22 100.27
195579.63 551722.22 94.02
195579.63 551632.22 97.69
195579.63 551542.22 90.57
195579.63 551452.22 83.04
195579.63 551362.22 88.88
195579.63 551272.22 90.86
195579.63 551182.22 87.17
195579.63 551092.22 85.93
195579.63 551002.22 81.76
195579.63 550912.22 67.46
195579.63 550822.22 57.10
195579.63 550732.22 58.76
195579.63 550642.22 70.20
195579.63 550552.22 79.04
195579.63 550462.22 79.87
195579.63 550372.22 74.47
195669.63 557212.22 220.39
195669.63 557122.22 207.94
195669.63 557032.22 187.32
195669.63 556942.22 189.74
195669.63 556852.22 196.15
195669.63 556762.22 196.43
195669.63 556672.22 196.02
195669.63 556582.22 188.82
195669.63 556492.22 185.68
195669.63 556402.22 152.52
195669.63 556312.22 132.86
195669.63 556222.22 118.54
195669.63 556132.22 122.98
195669.63 556042.22 119.02
195669.63 555952.22 102.68
195669.63 555862.22 86.18
195669.63 555772.22 79.37
195669.63 555682.22 78.64
195669.63 555592.22 70.81
195669.63 555502.22 67.54
195669.63 555412.22 61.97
195669.63 555322.22 59.46
195669.63 555232.22 55.60
195669.63 555142.22 49.41
195669.63 555052.22 51.59
195669.63 554962.22 55.76
195669.63 554872.22 64.16
195669.63 554782.22 69.70
195669.63 554692.22 81.82
195669.63 554602.22 101.61
195669.63 554512.22 131.09
195669.63 554422.22 134.68
195669.63 554332.22 114.69
195669.63 554242.22 97.07
195669.63 554152.22 72.20
195669.63 554062.22 65.35
195669.63 553972.22 69.63
195669.63 553882.22 71.50
195669.63 553792.22 65.29
195669.63 553702.22 61.62
195669.63 553612.22 63.50
195669.63 553522.22 62.74
195669.63 553432.22 71.24
195669.63 553342.22 84.20
195669.63 553252.22 89.20
195669.63 553162.22 101.25
195669.63 553072.22 123.05
195669.63 552982.22 143.28
195669.63 552892.22 139.46
195669.63 552802.22 119.07
195669.63 552712.22 143.26
195669.63 552622.22 157.29
195669.63 552532.22 175.91
195669.63 552442.22 179.75
195669.63 552352.22 188.23
195669.63 552262.22 168.69
195669.63 552172.22 146.73
195669.63 552082.22 112.83
195669.63 551992.22 97.33
195669.63 551902.22 88.68
195669.63 551812.22 79.10
195669.63 551722.22 76.13
195669.63 551632.22 83.78
195669.63 551542.22 83.90
195669.63 551452.22 72.31
195669.63 551362.22 78.67
195669.63 551272.22 81.39
195669.63 551182.22 81.60
195669.63 551092.22 82.21
195669.63 551002.22 73.36
195669.63 550912.22 59.61
195669.63 550822.22 50.69
195669.63 550732.22 55.59
195669.63 550642.22 75.43
195669.63 550552.22 78.89
195669.63 550462.22 70.65
195669.63 550372.22 69.93
195759.63 557212.22 202.71
195759.63 557122.22 203.80
195759.63 557032.22 204.31
195759.63 556942.22 200.40
195759.63 556852.22 194.73
195759.63 556762.22 186.57
195759.63 556672.22 175.11
195759.63 556582.22 170.72
195759.63 556492.22 175.05
195759.63 556402.22 166.97
195759.63 556312.22 145.11
195759.63 556222.22 143.50
195759.63 556132.22 140.66
195759.63 556042.22 123.71
195759.63 555952.22 112.79
195759.63 555862.22 115.74
195759.63 555772.22 113.87
195759.63 555682.22 105.57
195759.63 555592.22 97.89
195759.63 555502.22 98.34
195759.63 555412.22 97.92
195759.63 555322.22 91.37
195759.63 555232.22 67.84
195759.63 555142.22 48.67
195759.63 555052.22 58.62
195759.63 554962.22 80.36
195759.63 554872.22 81.61
195759.63 554782.22 80.97
195759.63 554692.22 86.64
195759.63 554602.22 102.56
195759.63 554512.22 130.68
195759.63 554422.22 149.21
195759.63 554332.22 144.38
195759.63 554242.22 123.87
195759.63 554152.22 94.28
195759.63 554062.22 89.81
195759.63 553972.22 93.72
195759.63 553882.22 102.70
195759.63 553792.22 90.56
195759.63 553702.22 85.92
195759.63 553612.22 83.90
195759.63 553522.22 72.83
195759.63 553432.22 68.85
195759.63 553342.22 79.05
195759.63 553252.22 90.34
195759.63 553162.22 106.33
195759.63 553072.22 120.75
195759.63 552982.22 116.39
195759.63 552892.22 107.51
195759.63 552802.22 100.91
195759.63 552712.22 112.44
195759.63 552622.22 124.93
195759.63 552532.22 138.02
195759.63 552442.22 142.77
195759.63 552352.22 168.27
195759.63 552262.22 174.49
195759.63 552172.22 147.36
195759.63 552082.22 107.97
195759.63 551992.22 91.10
195759.63 551902.22 74.86
195759.63 551812.22 68.92
195759.63 551722.22 65.12
195759.63 551632.22 65.88
195759.63 551542.22 70.36
195759.63 551452.22 66.75
195759.63 551362.22 62.14
195759.63 551272.22 64.90
195759.63 551182.22 70.19
195759.63 551092.22 76.77
195759.63 551002.22 68.68
195759.63 550912.22 53.99
195759.63 550822.22 46.66
195759.63 550732.22 51.47
195759.63 550642.22 70.79
195759.63 550552.22 66.24
195759.63 550462.22 56.56
195849.63 557122.22 157.05
195849.63 557032.22 163.23
195849.63 556942.22 163.40
195849.63 556852.22 153.36
195849.63 556762.22 146.47
195849.63 556672.22 137.92
195849.63 556582.22 137.24
195849.63 556492.22 145.72
195849.63 556402.22 156.59
195849.63 556312.22 157.68
195849.63 556222.22 178.47
195849.63 556132.22 180.98
195849.63 556042.22 161.24
195849.63 555952.22 142.02
195849.63 555862.22 128.59
195849.63 555772.22 122.89
195849.63 555682.22 128.42
195849.63 555592.22 131.12
195849.63 555502.22 132.58
195849.63 555412.22 116.06
195849.63 555322.22 89.48
195849.63 555232.22 57.49
195849.63 555142.22 64.38
195849.63 555052.22 105.83
195849.63 554962.22 137.74
195849.63 554872.22 142.81
195849.63 554782.22 137.60
195849.63 554692.22 136.13
195849.63 554602.22 129.48
195849.63 554512.22 129.10
195849.63 554422.22 141.60
195849.63 554332.22 152.48
195849.63 554242.22 147.20
195849.63 554152.22 124.31
195849.63 554062.22 136.56
195849.63 553972.22 137.88
195849.63 553882.22 130.27
195849.63 553792.22 147.86
195849.63 553702.22 140.82
195849.63 553612.22 125.34
195849.63 553522.22 113.66
195849.63 553432.22 107.95
195849.63 553342.22 107.28
195849.63 553252.22 92.96
195849.63 553162.22 82.43
195849.63 553072.22 92.18
195849.63 552982.22 80.97
195849.63 552892.22 81.45
195849.63 552802.22 78.31
195849.63 552712.22 81.83
195849.63 552622.22 91.31
195849.63 552532.22 99.92
195849.63 552442.22 110.01
195849.63 552352.22 122.21
195849.63 552262.22 144.17
195849.63 552172.22 153.68
195849.63 552082.22 130.02
195849.63 551992.22 114.50
195849.63 551902.22 88.66
195849.63 551812.22 73.65
195849.63 551722.22 62.88
195849.63 551632.22 55.85
195849.63 551542.22 51.94
195849.63 551452.22 51.05
195849.63 551362.22 47.79
195849.63 551272.22 50.06
195849.63 551182.22 57.55
195849.63 551092.22 60.13
195849.63 551002.22 58.33
195849.63 550912.22 46.58
195849.63 550822.22 40.10
195849.63 550732.22 39.77
195849.63 550642.22 47.14
195849.63 550552.22 45.18
195849.63 550462.22 40.40
195939.63 557122.22 133.30
195939.63 557032.22 137.96
195939.63 556942.22 137.99
195939.63 556852.22 129.84
195939.63 556762.22 117.62
195939.63 556672.22 112.33
195939.63 556582.22 111.54
195939.63 556492.22 117.92
195939.63 556402.22 136.92
195939.63 556312.22 143.97
195939.63 556222.22 162.13
195939.63 556132.22 174.41
195939.63 556042.22 164.62
195939.63 555952.22 138.18
195939.63 555862.22 125.34
195939.63 555772.22 113.37
195939.63 555682.22 115.32
195939.63 555592.22 119.10
195939.63 555502.22 117.40
195939.63 555412.22 106.87
195939.63 555322.22 87.38
195939.63 555232.22 60.66
195939.63 555142.22 56.25
195939.63 555052.22 87.60
195939.63 554962.22 144.97
195939.63 554872.22 162.52
195939.63 554782.22 170.27
195939.63 554692.22 171.32
195939.63 554602.22 150.23
195939.63 554512.22 147.26
195939.63 554422.22 167.38
195939.63 554332.22 170.20
195939.63 554242.22 150.82
195939.63 554152.22 139.18
195939.63 554062.22 161.44
195939.63 553972.22 181.56
195939.63 553882.22 166.22
195939.63 553792.22 172.30
195939.63 553702.22 185.73
195939.63 553612.22 157.88
195939.63 553522.22 135.64
195939.63 553432.22 130.32
195939.63 553342.22 120.21
195939.63 553252.22 109.17
195939.63 553162.22 86.75
195939.63 553072.22 67.95
195939.63 552982.22 64.24
195939.63 552892.22 63.35
195939.63 552802.22 63.94
195939.63 552712.22 72.97
195939.63 552622.22 76.66
195939.63 552532.22 80.11
195939.63 552442.22 84.99
195939.63 552352.22 94.00
195939.63 552262.22 121.09
195939.63 552172.22 145.93
195939.63 552082.22 152.19
195939.63 551992.22 129.78
195939.63 551902.22 107.80
195939.63 551812.22 81.47
195939.63 551722.22 65.25
195939.63 551632.22 56.77
195939.63 551542.22 50.27
195939.63 551452.22 44.30
195939.63 551362.22 43.17
195939.63 551272.22 45.87
195939.63 551182.22 53.68
195939.63 551092.22 49.90
195939.63 551002.22 46.93
195939.63 550912.22 40.62
195939.63 550822.22 35.94
195939.63 550732.22 33.85
195939.63 550642.22 37.35
195939.63 550552.22 37.87
195939.63 550462.22 32.15
196029.63 557032.22 117.08
196029.63 556942.22 114.22
196029.63 556852.22 109.62
196029.63 556762.22 105.32
196029.63 556672.22 101.08
196029.63 556582.22 98.46
196029.63 556492.22 103.92
196029.63 556402.22 122.08
196029.63 556312.22 128.30
196029.63 556222.22 137.09
196029.63 556132.22 151.65
196029.63 556042.22 152.70
196029.63 555952.22 145.34
196029.63 555862.22 133.72
196029.63 555772.22 111.46
196029.63 555682.22 91.45
196029.63 555592.22 86.98
196029.63 555502.22 76.64
196029.63 555412.22 67.83
196029.63 555322.22 66.16
196029.63 555232.22 56.85
196029.63 555142.22 55.58
196029.63 555052.22 82.62
196029.63 554962.22 130.33
196029.63 554872.22 147.53
196029.63 554782.22 167.58
196029.63 554692.22 178.02
196029.63 554602.22 168.81
196029.63 554512.22 166.17
196029.63 554422.22 190.04
196029.63 554332.22 208.70
196029.63 554242.22 184.75
196029.63 554152.22 166.21
196029.63 554062.22 194.48
196029.63 553972.22 223.04
196029.63 553882.22 213.66
196029.63 553792.22 205.77
196029.63 553702.22 212.01
196029.63 553612.22 185.73
196029.63 553522.22 174.10
196029.63 553432.22 163.91
196029.63 553342.22 143.64
196029.63 553252.22 124.67
196029.63 553162.22 92.58
196029.63 553072.22 70.87
196029.63 552982.22 59.53
196029.63 552892.22 55.81
196029.63 552802.22 58.16
196029.63 552712.22 61.73
196029.63 552622.22 68.23
196029.63 552532.22 73.39
196029.63 552442.22 75.32
196029.63 552352.22 83.40
196029.63 552262.22 104.10
196029.63 552172.22 135.98
196029.63 552082.22 162.13
196029.63 551992.22 141.34
196029.63 551902.22 123.23
196029.63 551812.22 94.20
196029.63 551722.22 75.41
196029.63 551632.22 61.26
196029.63 551542.22 51.09
196029.63 551452.22 43.63
196029.63 551362.22 38.44
196029.63 551272.22 39.30
196029.63 551182.22 41.93
196029.63 551092.22 39.31
196029.63 551002.22 37.32
196029.63 550912.22 35.60
196029.63 550822.22 33.70
196029.63 550732.22 31.64
196029.63 550642.22 31.89
196029.63 550552.22 35.23
196119.63 556672.22 100.70
196119.63 556582.22 98.64
196119.63 556492.22 97.91
196119.63 556402.22 111.77
196119.63 556312.22 116.17
196119.63 556222.22 122.78
196119.63 556132.22 134.45
196119.63 556042.22 137.70
196119.63 555952.22 138.98
196119.63 555862.22 127.82
196119.63 555772.22 100.02
196119.63 555682.22 75.77
196119.63 555592.22 65.54
196119.63 555502.22 59.78
196119.63 555412.22 64.42
196119.63 555322.22 64.70
196119.63 555232.22 62.66
196119.63 555142.22 68.87
196119.63 555052.22 95.69
196119.63 554962.22 156.01
196119.63 554872.22 175.40
196119.63 554782.22 186.03
196119.63 554692.22 191.43
196119.63 554602.22 196.89
196119.63 554512.22 195.94
196119.63 554422.22 221.02
196119.63 554332.22 243.27
196119.63 554242.22 213.30
196119.63 554152.22 195.98
196119.63 554062.22 229.18
196119.63 553972.22 262.70
196119.63 553882.22 264.87
196119.63 553792.22 246.64
196119.63 553702.22 229.80
196119.63 553612.22 206.18
196119.63 553522.22 210.97
196119.63 553432.22 211.68
196119.63 553342.22 180.72
196119.63 553252.22 131.96
196119.63 553162.22 108.37
196119.63 553072.22 86.35
196119.63 552982.22 62.03
196119.63 552892.22 54.44
196119.63 552802.22 56.70
196119.63 552712.22 58.11
196119.63 552622.22 62.25
196119.63 552532.22 68.86
196119.63 552442.22 70.13
196119.63 552352.22 82.65
196119.63 552262.22 108.59
196119.63 552172.22 119.98
196119.63 552082.22 142.01
196119.63 551992.22 131.71
196119.63 551902.22 129.87
196119.63 551812.22 102.23
196119.63 551722.22 77.62
196119.63 551632.22 60.63
196119.63 551542.22 50.61
196119.63 551452.22 44.32
196119.63 551362.22 40.07
196119.63 551272.22 39.49
196119.63 551182.22 37.43
196119.63 551092.22 36.02
196119.63 551002.22 36.07
196119.63 550912.22 34.15
196119.63 550822.22 33.21
196119.63 550732.22 30.82
196119.63 550642.22 27.51
196119.63 550552.22 26.91
196209.63 556402.22 103.12
196209.63 556312.22 101.51
196209.63 556222.22 110.58
196209.63 556132.22 128.47
196209.63 556042.22 133.38
196209.63 555952.22 129.23
196209.63 555862.22 117.24
196209.63 555772.22 96.87
196209.63 555682.22 69.18
196209.63 555592.22 62.17
196209.63 555502.22 75.83
196209.63 555412.22 100.80
196209.63 555322.22 105.47
196209.63 555232.22 109.84
196209.63 555142.22 111.26
196209.63 555052.22 135.79
196209.63 554962.22 198.74
196209.63 554872.22 228.94
196209.63 554782.22 219.13
196209.63 554692.22 217.55
196209.63 554602.22 226.88
196209.63 554512.22 229.80
196209.63 554422.22 253.72
196209.63 554332.22 263.64
196209.63 554242.22 233.24
196209.63 554152.22 224.21
196209.63 554062.22 257.38
196209.63 553972.22 303.28
196209.63 553882.22 313.76
196209.63 553792.22 293.74
196209.63 553702.22 261.50
196209.63 553612.22 235.26
196209.63 553522.22 226.89
196209.63 553432.22 223.09
196209.63 553342.22 193.77
196209.63 553252.22 154.04
196209.63 553162.22 120.12
196209.63 553072.22 89.32
196209.63 552982.22 64.17
196209.63 552892.22 54.73
196209.63 552802.22 51.49
196209.63 552712.22 53.96
196209.63 552622.22 57.69
196209.63 552532.22 63.60
196209.63 552442.22 64.38
196209.63 552352.22 76.08
196209.63 552262.22 93.06
196209.63 552172.22 94.51
196209.63 552082.22 110.76
196209.63 551992.22 107.06
196209.63 551902.22 114.25
196209.63 551812.22 103.81
196209.63 551722.22 80.03
196209.63 551632.22 61.77
196209.63 551542.22 53.97
196209.63 551452.22 48.70
196209.63 551362.22 46.03
196209.63 551272.22 46.14
196209.63 551182.22 44.48
196209.63 551092.22 43.70
196209.63 551002.22 39.96
196209.63 550912.22 35.19
196209.63 550822.22 34.87
196209.63 550732.22 31.48
196209.63 550642.22 26.35
196209.63 550552.22 24.84
196299.63 556042.22 130.77
196299.63 555952.22 129.22
196299.63 555862.22 120.04
196299.63 555772.22 101.36
196299.63 555682.22 63.05
196299.63 555592.22 64.64
196299.63 555502.22 79.13
196299.63 555412.22 114.66
196299.63 555322.22 139.63
196299.63 555232.22 159.05
196299.63 555142.22 167.90
196299.63 555052.22 178.29
196299.63 554962.22 200.86
196299.63 554872.22 210.24
196299.63 554782.22 205.93
196299.63 554692.22 213.55
196299.63 554602.22 226.62
196299.63 554512.22 234.36
196299.63 554422.22 243.30
196299.63 554332.22 263.86
196299.63 554242.22 276.25
196299.63 554152.22 263.05
196299.63 554062.22 283.42
196299.63 553972.22 290.45
196299.63 553882.22 290.44
196299.63 553792.22 269.54
196299.63 553702.22 237.65
196299.63 553612.22 213.85
196299.63 553522.22 214.86
196299.63 553432.22 207.90
196299.63 553342.22 178.81
196299.63 553252.22 159.23
196299.63 553162.22 123.66
196299.63 553072.22 95.56
196299.63 552982.22 69.42
196299.63 552892.22 62.93
196299.63 552802.22 50.97
196299.63 552712.22 48.98
196299.63 552622.22 51.03
196299.63 552532.22 54.88
196299.63 552442.22 58.42
196299.63 552352.22 63.70
196299.63 552262.22 71.33
196299.63 552172.22 75.71
196299.63 552082.22 79.44
196299.63 551992.22 85.47
196299.63 551902.22 94.53
196299.63 551812.22 98.63
196299.63 551722.22 86.78
196299.63 551632.22 70.59
196299.63 551542.22 72.20
196299.63 551452.22 67.60
196299.63 551362.22 66.42
196299.63 551272.22 59.95
196299.63 551182.22 54.70
196299.63 551092.22 50.21
196299.63 551002.22 43.03
196299.63 550912.22 39.42
196299.63 550822.22 36.48
196299.63 550732.22 34.32
196299.63 550642.22 34.52
196389.63 555952.22 112.82
196389.63 555862.22 108.98
196389.63 555772.22 94.12
196389.63 555682.22 69.02
196389.63 555592.22 72.45
196389.63 555502.22 72.45
196389.63 555412.22 97.97
196389.63 555322.22 129.46
196389.63 555232.22 153.30
196389.63 555142.22 164.75
196389.63 555052.22 182.76
196389.63 554962.22 179.30
196389.63 554872.22 176.79
196389.63 554782.22 176.27
196389.63 554692.22 191.63
196389.63 554602.22 203.23
196389.63 554512.22 207.07
196389.63 554422.22 209.87
196389.63 554332.22 241.35
196389.63 554242.22 276.82
196389.63 554152.22 279.08
196389.63 554062.22 287.05
196389.63 553972.22 259.72
196389.63 553882.22 236.55
196389.63 553792.22 215.79
196389.63 553702.22 194.03
196389.63 553612.22 173.89
196389.63 553522.22 185.69
196389.63 553432.22 193.85
196389.63 553342.22 170.32
196389.63 553252.22 146.07
196389.63 553162.22 122.53
196389.63 553072.22 95.59
196389.63 552982.22 80.15
196389.63 552892.22 83.74
196389.63 552802.22 56.69
196389.63 552712.22 51.02
196389.63 552622.22 47.42
196389.63 552532.22 48.35
196389.63 552442.22 50.23
196389.63 552352.22 54.47
196389.63 552262.22 59.16
196389.63 552172.22 64.09
196389.63 552082.22 63.08
196389.63 551992.22 68.57
196389.63 551902.22 79.63
196389.63 551812.22 87.68
196389.63 551722.22 90.23
196389.63 551632.22 73.02
196389.63 551542.22 74.98
196389.63 551452.22 82.68
196389.63 551362.22 87.36
196389.63 551272.22 77.36
196389.63 551182.22 64.50
196389.63 551092.22 54.81
196389.63 551002.22 48.83
196389.63 550912.22 43.12
196389.63 550822.22 38.97
196389.63 550732.22 40.23
196389.63 550642.22 41.50
196479.63 555772.22 81.72
196479.63 555682.22 73.40
196479.63 555592.22 85.50
196479.63 555502.22 71.79
196479.63 555412.22 86.51
196479.63 555322.22 113.01
196479.63 555232.22 131.52
196479.63 555142.22 135.56
196479.63 555052.22 151.53
196479.63 554962.22 149.60
196479.63 554872.22 152.92
196479.63 554782.22 156.77
196479.63 554692.22 165.64
196479.63 554602.22 176.71
196479.63 554512.22 175.12
196479.63 554422.22 175.30
196479.63 554332.22 203.12
196479.63 554242.22 247.41
196479.63 554152.22 256.13
196479.63 554062.22 261.01
196479.63 553972.22 229.87
196479.63 553882.22 206.23
196479.63 553792.22 184.87
196479.63 553702.22 153.62
196479.63 553612.22 144.45
196479.63 553522.22 156.21
196479.63 553252.22 142.10
196479.63 553162.22 120.81
196479.63 553072.22 111.22
196479.63 552982.22 109.36
196479.63 552892.22 94.54
196479.63 552802.22 64.67
196479.63 552712.22 54.97
196479.63 552622.22 48.45
196479.63 552532.22 45.99
196479.63 552442.22 45.25
196479.63 552352.22 47.00
196479.63 552262.22 49.94
196479.63 552172.22 53.93
196479.63 552082.22 54.31
196479.63 551992.22 57.80
196479.63 551902.22 69.61
196479.63 551812.22 82.81
196479.63 551722.22 97.41
196479.63 551632.22 75.71
196479.63 551542.22 64.64
196479.63 551452.22 67.40
196479.63 551362.22 80.35
196479.63 551272.22 82.85
196479.63 551182.22 71.41
196479.63 551092.22 62.78
196479.63 551002.22 52.47
196479.63 550912.22 44.80
196479.63 550822.22 49.71
196479.63 550732.22 56.91
196479.63 550642.22 55.32
196569.63 555592.22 76.41
196569.63 555502.22 84.69
196569.63 555412.22 76.62
196569.63 555322.22 86.63
196569.63 555232.22 104.65
196569.63 555142.22 114.46
196569.63 555052.22 114.95
196569.63 554962.22 113.68
196569.63 554872.22 123.46
196569.63 554782.22 132.01
196569.63 554692.22 140.04
196569.63 554602.22 144.72
196569.63 554512.22 141.00
196569.63 554422.22 151.98
196569.63 554332.22 180.94
196569.63 554242.22 213.12
196569.63 554152.22 220.93
196569.63 554062.22 210.95
196569.63 553972.22 177.51
196569.63 553882.22 154.72
196569.63 553162.22 122.45
196569.63 553072.22 108.14
196569.63 552982.22 94.94
196569.63 552892.22 84.21
196569.63 552802.22 73.13
196569.63 552712.22 68.04
196569.63 552622.22 55.31
196569.63 552532.22 52.38
196569.63 552442.22 46.49
196569.63 552352.22 43.17
196569.63 552262.22 42.32
196569.63 552172.22 43.57
196569.63 552082.22 47.82
196569.63 551992.22 53.38
196569.63 551902.22 52.27
196569.63 551812.22 66.91
196569.63 551722.22 75.17
196569.63 551632.22 67.55
196569.63 551542.22 55.89
196569.63 551452.22 50.79
196569.63 551362.22 54.33
196569.63 551272.22 56.12
196569.63 551182.22 50.43
196569.63 551092.22 50.60
196569.63 551002.22 55.80
196569.63 550912.22 59.10
196569.63 550822.22 61.53
196569.63 550732.22 68.14
196569.63 550642.22 77.40
196659.63 555502.22 84.44
196659.63 555412.22 81.29
196659.63 555322.22 76.79
196659.63 555232.22 85.61
196659.63 555142.22 95.27
196659.63 555052.22 96.48
196659.63 554962.22 97.85
196659.63 554872.22 108.52
196659.63 554782.22 113.04
196659.63 554692.22 116.53
196659.63 554602.22 120.62
196659.63 554512.22 136.68
196659.63 554422.22 152.42
196659.63 554332.22 169.75
196659.63 554242.22 187.48
196659.63 552982.22 114.91
196659.63 552892.22 106.31
196659.63 552802.22 88.36
196659.63 552712.22 82.63
196659.63 552622.22 71.66
196659.63 552532.22 55.25
196659.63 552442.22 47.63
196659.63 552352.22 43.83
196659.63 552262.22 40.52
196659.63 552172.22 40.19
196659.63 552082.22 42.67
196659.63 551992.22 47.43
196659.63 551902.22 46.46
196659.63 551812.22 55.79
196659.63 551722.22 55.83
196659.63 551632.22 51.95
196659.63 551542.22 46.80
196659.63 551452.22 43.97
196659.63 551362.22 40.95
196659.63 551272.22 41.13
196659.63 551182.22 43.10
196659.63 551092.22 49.15
196659.63 551002.22 57.12
196659.63 550912.22 72.75
196659.63 550822.22 80.11
196659.63 550732.22 78.01
196749.63 555322.22 87.89
196749.63 555232.22 81.66
196749.63 555142.22 81.92
196749.63 555052.22 85.74
196749.63 554962.22 90.13
196749.63 554872.22 95.18
196749.63 554782.22 102.55
196749.63 554692.22 110.87
196749.63 554602.22 123.26
196749.63 554512.22 134.61
196749.63 552892.22 100.23
196749.63 552802.22 89.49
196749.63 552712.22 83.51
196749.63 552622.22 73.66
196749.63 552532.22 58.68
196749.63 552442.22 50.10
196749.63 552352.22 44.76
196749.63 552262.22 41.37
196749.63 552172.22 38.87
196749.63 552082.22 39.56
196749.63 551992.22 40.97
196749.63 551902.22 42.57
196749.63 551812.22 48.54
196749.63 551722.22 51.10
196749.63 551632.22 44.79
196749.63 551542.22 42.43
196749.63 551452.22 41.05
196749.63 551362.22 40.04
196749.63 551272.22 41.12
196749.63 551182.22 43.11
196749.63 551092.22 47.55
196749.63 551002.22 53.58
196749.63 550912.22 65.63
196749.63 550822.22 78.06
196749.63 550732.22 77.14
196839.63 555142.22 94.28
196839.63 555052.22 95.09
196839.63 554962.22 96.95
196839.63 554872.22 105.12
196839.63 552802.22 73.42
196839.63 552712.22 70.38
196839.63 552622.22 72.62
196839.63 552532.22 66.21
196839.63 552442.22 60.88
196839.63 552352.22 54.70
196839.63 552262.22 49.91
196839.63 552172.22 43.48
196839.63 552082.22 38.13
196839.63 551992.22 37.56
196839.63 551902.22 38.47
196839.63 551812.22 41.18
196839.63 551722.22 43.01
196839.63 551632.22 41.35
196839.63 551542.22 38.80
196839.63 551452.22 41.86
196839.63 551362.22 48.67
196839.63 551272.22 43.56
196839.63 551182.22 44.69
196839.63 551092.22 48.35
196839.63 551002.22 48.80
196839.63 550912.22 56.47
196839.63 550822.22 70.68
196839.63 550732.22 75.18
196929.63 552622.22 75.31
196929.63 552532.22 76.50
196929.63 552442.22 78.09
196929.63 552352.22 71.60
196929.63 552262.22 59.79
196929.63 552172.22 49.20
196929.63 552082.22 38.49
196929.63 551992.22 36.49
196929.63 551902.22 36.21
196929.63 551812.22 36.63
196929.63 551722.22 37.30
196929.63 551632.22 37.34
196929.63 551542.22 36.71
196929.63 551452.22 36.46
196929.63 551362.22 40.12
196929.63 551272.22 39.84
196929.63 551182.22 43.96
196929.63 551092.22 46.52
196929.63 551002.22 43.15
196929.63 550912.22 50.08
196929.63 550822.22 58.35
197019.63 552532.22 65.28
197019.63 552442.22 75.00
197019.63 552352.22 72.17
197019.63 552262.22 59.53
197019.63 552172.22 51.92
197019.63 552082.22 39.61
197019.63 551992.22 36.75
197019.63 551902.22 35.77
197019.63 551812.22 35.07
197019.63 551722.22 34.81
197019.63 551632.22 34.92
197019.63 551542.22 34.71
197019.63 551452.22 34.19
197019.63 551362.22 36.28
197019.63 551272.22 35.69
197019.63 551182.22 41.70
197019.63 551092.22 45.85
197019.63 551002.22 41.31
197019.63 550912.22 39.75
197019.63 550822.22 46.11
197109.63 552442.22 61.33
197109.63 552352.22 57.71
197109.63 552262.22 50.12
197109.63 552172.22 49.63
197109.63 552082.22 44.66
197109.63 551992.22 38.31
197109.63 551902.22 35.99
197109.63 551812.22 34.61
197109.63 551722.22 33.54
197109.63 551632.22 33.24
197109.63 551542.22 33.49
197109.63 551452.22 33.40
197109.63 551362.22 32.48
197109.63 551272.22 31.83
197109.63 551182.22 35.22
197109.63 551092.22 42.71
197109.63 551002.22 40.70
197109.63 550912.22 35.14
197109.63 550822.22 36.31
197199.63 552262.22 47.43
197199.63 552172.22 47.05
197199.63 552082.22 42.44
197199.63 551992.22 39.49
197199.63 551902.22 38.36
197199.63 551812.22 35.00
197199.63 551722.22 33.39
197199.63 551632.22 32.56
197199.63 551542.22 32.12
197199.63 551452.22 31.48
197199.63 551362.22 30.89
197199.63 551272.22 31.23
197199.63 551182.22 31.35
197199.63 551092.22 32.84
197199.63 551002.22 33.75
197199.63 550912.22 33.58
197289.63 552172.22 41.32
197289.63 552082.22 42.59
197289.63 551992.22 40.91
197289.63 551902.22 40.61
197289.63 551812.22 42.62
197289.63 551722.22 40.67
197289.63 551632.22 35.55
197289.63 551542.22 33.22
197289.63 551452.22 32.59
197289.63 551362.22 31.34
197289.63 551272.22 30.05
197289.63 551182.22 30.50
197289.63 551092.22 31.34
197289.63 551002.22 28.50
197289.63 550912.22 28.22
197379.63 552082.22 49.53
197379.63 551992.22 43.18
197379.63 551902.22 39.37
197379.63 551812.22 41.28
197379.63 551722.22 43.74
197379.63 551632.22 37.94
197379.63 551542.22 37.32
197379.63 551452.22 39.69
197379.63 551362.22 36.53
197379.63 551272.22 31.16
197379.63 551182.22 32.93
197379.63 551092.22 32.10
197379.63 551002.22 27.78
197379.63 550912.22 26.73
197469.63 551902.22 37.33
197469.63 551812.22 36.87
197469.63 551722.22 39.53
197469.63 551632.22 39.25
197469.63 551542.22 41.61
197469.63 551452.22 39.35
197469.63 551362.22 38.87
197469.63 551272.22 35.37
197469.63 551182.22 34.47
197469.63 551092.22 32.32
197469.63 551002.22 29.77
197559.63 551812.22 34.85
197559.63 551722.22 35.67
197559.63 551632.22 39.28
197559.63 551542.22 39.92
197559.63 551452.22 37.31
197559.63 551362.22 40.42
197559.63 551272.22 38.98
197559.63 551182.22 35.71
197559.63 551092.22 33.72
197559.63 551002.22 30.81
197649.63 551722.22 34.46
197649.63 551632.22 38.52
197649.63 551542.22 36.57
197649.63 551452.22 35.57
197649.63 551362.22 40.83
197649.63 551272.22 39.03
197649.63 551182.22 36.73
197649.63 551092.22 33.61
197739.63 551542.22 33.23
197739.63 551452.22 34.17
197739.63 551362.22 38.49
197739.63 551272.22 37.91
197739.63 551182.22 36.44
