201609.25 552642.62 18.86
201609.25 552552.62 17.89
201609.25 552462.62 19.02
201609.25 552372.62 17.21
201699.25 552822.62 19.50
201699.25 552732.62 19.26
201699.25 552642.62 18.96
201699.25 552552.62 18.29
201699.25 552462.62 16.87
201699.25 552372.62 20.92
201699.25 552282.62 23.73
201699.25 552192.62 20.67
201789.25 552912.62 21.94
201789.25 552822.62 18.19
201789.25 552732.62 18.71
201789.25 552642.62 18.76
201789.25 552552.62 18.63
201789.25 552462.62 15.03
201789.25 552372.62 22.03
201789.25 552282.62 30.18
201789.25 552192.62 28.01
201789.25 552102.62 26.35
201879.25 553092.62 24.71
201879.25 553002.62 22.26
201879.25 552912.62 19.23
201879.25 552822.62 17.96
201879.25 552732.62 18.06
201879.25 552642.62 18.34
201879.25 552552.62 18.56
201879.25 552462.62 16.22
201879.25 552372.62 22.67
201879.25 552282.62 30.70
201879.25 552192.62 26.31
201879.25 552102.62 22.18
201969.25 553272.62 19.91
201969.25 553182.62 20.19
201969.25 553092.62 20.40
201969.25 553002.62 19.56
201969.25 552912.62 18.21
201969.25 552822.62 17.86
201969.25 552732.62 17.83
201969.25 552642.62 18.12
201969.25 552552.62 18.49
201969.25 552462.62 14.25
201969.25 552372.62 21.29
201969.25 552282.62 23.24
201969.25 552192.62 20.84
201969.25 552102.62 20.14
201969.25 552012.62 22.06
202059.25 553362.62 18.86
202059.25 553272.62 21.45
202059.25 553182.62 21.37
202059.25 553092.62 21.49
202059.25 553002.62 18.43
202059.25 552912.62 18.12
202059.25 552822.62 17.75
202059.25 552732.62 17.80
202059.25 552642.62 17.82
202059.25 552552.62 18.07
202059.25 552462.62 14.26
202059.25 552372.62 19.49
202059.25 552282.62 11.92
202059.25 552192.62 10.40
202059.25 552102.62 17.79
202059.25 552012.62 20.92
202149.25 553542.62 23.42
202149.25 553452.62 20.80
202149.25 553362.62 20.58
202149.25 553272.62 22.03
202149.25 553182.62 28.93
202149.25 553092.62 22.99
202149.25 553002.62 18.03
202149.25 552912.62 17.77
202149.25 552822.62 17.85
202149.25 552732.62 17.73
202149.25 552642.62 17.73
202149.25 552552.62 17.91
202149.25 552462.62 17.91
202149.25 552372.62 18.08
202149.25 552282.62 18.78
202149.25 552192.62 19.14
202149.25 552102.62 21.15
202149.25 552012.62 21.79
202239.25 553722.62 34.40
202239.25 553632.62 51.91
202239.25 553542.62 22.47
202239.25 553452.62 20.26
202239.25 553362.62 20.27
202239.25 553272.62 18.93
202239.25 553182.62 24.90
202239.25 553092.62 19.44
202239.25 553002.62 17.72
202239.25 552912.62 17.82
202239.25 552822.62 17.75
202239.25 552732.62 18.05
202239.25 552642.62 17.71
202239.25 552552.62 17.75
202239.25 552462.62 18.07
202239.25 552372.62 13.27
202239.25 552282.62 19.32
202239.25 552192.62 18.14
202239.25 552102.62 19.74
202329.25 553812.62 27.83
202329.25 553722.62 25.18
202329.25 553632.62 28.70
202329.25 553542.62 19.94
202329.25 553452.62 19.38
202329.25 553362.62 19.45
202329.25 553272.62 19.89
202329.25 553182.62 20.78
202329.25 553092.62 18.28
202329.25 553002.62 18.00
202329.25 552912.62 17.81
202329.25 552822.62 17.76
202329.25 552732.62 17.83
202329.25 552642.62 17.55
202329.25 552552.62 17.48
202329.25 552462.62 17.33
202329.25 552372.62 17.10
202329.25 552282.62 17.32
202329.25 552192.62 18.79
202329.25 552102.62 26.47
202419.25 553992.62 37.15
202419.25 553902.62 33.07
202419.25 553812.62 26.27
202419.25 553722.62 22.54
202419.25 553632.62 21.18
202419.25 553542.62 19.44
202419.25 553452.62 19.54
202419.25 553362.62 20.06
202419.25 553272.62 18.90
202419.25 553182.62 18.18
202419.25 553092.62 17.94
202419.25 553002.62 18.03
202419.25 552912.62 17.54
202419.25 552822.62 16.73
202419.25 552732.62 17.25
202419.25 552642.62 17.82
202419.25 552552.62 18.00
202419.25 552462.62 18.13
202419.25 552372.62 18.43
202419.25 552282.62 12.77
202419.25 552192.62 19.99
202419.25 552102.62 29.32
202509.25 554172.62 31.70
202509.25 554082.62 29.85
202509.25 553992.62 29.93
202509.25 553902.62 28.28
202509.25 553812.62 25.03
202509.25 553722.62 21.58
202509.25 553632.62 20.25
202509.25 553542.62 19.88
202509.25 553452.62 20.67
202509.25 553362.62 19.10
202509.25 553272.62 17.91
202509.25 553182.62 17.75
202509.25 553092.62 17.00
202509.25 553002.62 17.05
202509.25 552912.62 17.26
202509.25 552822.62 16.45
202509.25 552732.62 16.92
202509.25 552642.62 17.97
202509.25 552552.62 17.97
202509.25 552462.62 18.21
202509.25 552372.62 18.25
202509.25 552282.62 16.39
202509.25 552192.62 18.85
202509.25 552102.62 26.07
202599.25 554262.62 34.14
202599.25 554172.62 31.01
202599.25 554082.62 27.30
202599.25 553992.62 26.07
202599.25 553902.62 24.63
202599.25 553812.62 23.25
202599.25 553722.62 21.20
202599.25 553632.62 20.85
202599.25 553542.62 21.27
202599.25 553452.62 20.85
202599.25 553362.62 19.08
202599.25 553272.62 17.92
202599.25 553182.62 17.48
202599.25 553092.62 16.40
202599.25 553002.62 16.19
202599.25 552912.62 16.44
202599.25 552822.62 16.13
202599.25 552732.62 16.01
202599.25 552642.62 17.27
202599.25 552552.62 17.54
202599.25 552462.62 18.03
202599.25 552372.62 18.53
202599.25 552282.62 18.35
202599.25 552192.62 17.49
202599.25 552102.62 23.76
202689.25 554442.62 47.31
202689.25 554352.62 43.66
202689.25 554262.62 31.11
202689.25 554172.62 30.42
202689.25 554082.62 27.95
202689.25 553992.62 25.64
202689.25 553902.62 24.84
202689.25 553812.62 23.85
202689.25 553722.62 25.99
202689.25 553632.62 24.54
202689.25 553542.62 24.95
202689.25 553452.62 25.96
202689.25 553362.62 22.93
202689.25 553272.62 19.89
202689.25 553182.62 17.04
202689.25 553092.62 16.43
202689.25 553002.62 16.16
202689.25 552912.62 16.21
202689.25 552822.62 15.76
202689.25 552732.62 15.44
202689.25 552642.62 16.54
202689.25 552552.62 16.49
202689.25 552462.62 18.47
202689.25 552372.62 18.99
202689.25 552282.62 18.62
202689.25 552192.62 16.34
202689.25 552102.62 24.83
202779.25 554622.62 61.85
202779.25 554532.62 60.14
202779.25 554442.62 46.37
202779.25 554352.62 39.19
202779.25 554262.62 29.38
202779.25 554172.62 26.51
202779.25 554082.62 28.08
202779.25 553992.62 25.19
202779.25 553902.62 29.46
202779.25 553812.62 27.97
202779.25 553722.62 27.08
202779.25 553632.62 25.25
202779.25 553542.62 29.54
202779.25 553452.62 25.28
202779.25 553362.62 24.16
202779.25 553272.62 23.53
202779.25 553182.62 16.79
202779.25 553092.62 16.14
202779.25 553002.62 15.52
202779.25 552912.62 15.66
202779.25 552822.62 15.34
202779.25 552732.62 15.11
202779.25 552642.62 16.13
202779.25 552552.62 17.21
202779.25 552462.62 18.63
202779.25 552372.62 19.12
202779.25 552282.62 18.54
202779.25 552192.62 18.19
202779.25 552102.62 25.71
202869.25 554712.62 35.94
202869.25 554622.62 46.50
202869.25 554532.62 46.44
202869.25 554442.62 38.42
202869.25 554352.62 32.05
202869.25 554262.62 28.56
202869.25 554172.62 24.54
202869.25 554082.62 23.83
202869.25 553992.62 23.80
202869.25 553902.62 28.36
202869.25 553812.62 29.02
202869.25 553722.62 26.90
202869.25 553632.62 21.35
202869.25 553542.62 24.82
202869.25 553452.62 22.93
202869.25 553362.62 21.58
202869.25 553272.62 20.16
202869.25 553182.62 16.76
202869.25 553092.62 16.18
202869.25 553002.62 15.59
202869.25 552912.62 15.46
202869.25 552822.62 15.20
202869.25 552732.62 15.09
202869.25 552642.62 16.63
202869.25 552552.62 17.44
202869.25 552462.62 18.35
202869.25 552372.62 18.16
202869.25 552282.62 13.02
202869.25 552192.62 17.85
202869.25 552102.62 24.49
202959.25 554892.62 26.67
202959.25 554802.62 27.04
202959.25 554712.62 26.27
202959.25 554622.62 41.01
202959.25 554532.62 41.14
202959.25 554442.62 34.29
202959.25 554352.62 27.03
202959.25 554262.62 24.30
202959.25 554172.62 21.26
202959.25 554082.62 20.45
202959.25 553992.62 22.35
202959.25 553902.62 29.53
202959.25 553812.62 23.21
202959.25 553722.62 25.74
202959.25 553632.62 21.25
202959.25 553542.62 18.69
202959.25 553452.62 19.14
202959.25 553362.62 20.14
202959.25 553272.62 18.28
202959.25 553182.62 16.99
202959.25 553092.62 15.87
202959.25 553002.62 15.73
202959.25 552912.62 15.61
202959.25 552822.62 15.38
202959.25 552732.62 15.47
202959.25 552642.62 15.95
202959.25 552552.62 16.51
202959.25 552462.62 17.60
202959.25 552372.62 12.36
202959.25 552282.62 15.99
202959.25 552192.62 17.59
202959.25 552102.62 24.26
203049.25 555072.62 22.90
203049.25 554982.62 23.35
203049.25 554892.62 22.57
203049.25 554802.62 22.87
203049.25 554712.62 26.67
203049.25 554622.62 35.96
203049.25 554532.62 32.96
203049.25 554442.62 25.42
203049.25 554352.62 21.12
203049.25 554262.62 18.81
203049.25 554172.62 18.14
203049.25 554082.62 18.23
203049.25 553992.62 18.24
203049.25 553902.62 17.80
203049.25 553812.62 15.51
203049.25 553722.62 16.66
203049.25 553632.62 16.67
203049.25 553542.62 17.33
203049.25 553452.62 18.03
203049.25 553362.62 18.15
203049.25 553272.62 17.57
203049.25 553182.62 16.50
203049.25 553092.62 15.17
203049.25 553002.62 15.01
203049.25 552912.62 15.52
203049.25 552822.62 15.43
203049.25 552732.62 15.51
203049.25 552642.62 15.79
203049.25 552552.62 13.75
203049.25 552462.62 16.00
203049.25 552372.62 15.94
203049.25 552282.62 20.58
203049.25 552192.62 24.65
203049.25 552102.62 27.27
203139.25 555162.62 22.28
203139.25 555072.62 21.74
203139.25 554982.62 21.25
203139.25 554892.62 21.17
203139.25 554802.62 20.99
203139.25 554712.62 21.59
203139.25 554622.62 22.90
203139.25 554532.62 22.03
203139.25 554442.62 20.34
203139.25 554352.62 19.42
203139.25 554262.62 17.70
203139.25 554172.62 16.81
203139.25 554082.62 16.09
203139.25 553992.62 16.91
203139.25 553902.62 15.99
203139.25 553812.62 16.03
203139.25 553722.62 15.85
203139.25 553632.62 15.95
203139.25 553542.62 16.04
203139.25 553452.62 16.11
203139.25 553362.62 15.34
203139.25 553272.62 15.42
203139.25 553182.62 15.05
203139.25 553092.62 14.38
203139.25 553002.62 14.16
203139.25 552912.62 14.83
203139.25 552822.62 15.23
203139.25 552732.62 15.18
203139.25 552642.62 15.97
203139.25 552552.62 14.74
203139.25 552462.62 17.25
203139.25 552372.62 16.66
203139.25 552282.62 19.09
203139.25 552192.62 21.46
203139.25 552102.62 29.85
203229.25 555342.62 22.92
203229.25 555252.62 22.89
203229.25 555162.62 22.53
203229.25 555072.62 22.09
203229.25 554982.62 20.67
203229.25 554892.62 20.27
203229.25 554802.62 20.36
203229.25 554712.62 20.36
203229.25 554622.62 20.14
203229.25 554532.62 19.53
203229.25 554442.62 19.15
203229.25 554352.62 19.40
203229.25 554262.62 17.80
203229.25 554172.62 17.82
203229.25 554082.62 16.13
203229.25 553992.62 15.77
203229.25 553902.62 15.37
203229.25 553812.62 15.26
203229.25 553722.62 15.09
203229.25 553632.62 15.06
203229.25 553542.62 14.98
203229.25 553452.62 14.94
203229.25 553362.62 14.85
203229.25 553272.62 14.83
203229.25 553182.62 14.51
203229.25 553092.62 14.27
203229.25 553002.62 14.11
203229.25 552912.62 14.37
203229.25 552822.62 14.15
203229.25 552732.62 14.55
203229.25 552642.62 15.60
203229.25 552552.62 12.76
203229.25 552462.62 17.92
203229.25 552372.62 16.34
203229.25 552282.62 17.01
203229.25 552192.62 18.43
203229.25 552102.62 24.27
203319.25 555432.62 24.17
203319.25 555342.62 22.62
203319.25 555252.62 22.62
203319.25 555162.62 22.38
203319.25 555072.62 21.80
203319.25 554982.62 20.54
203319.25 554892.62 20.19
203319.25 554802.62 20.14
203319.25 554712.62 20.51
203319.25 554622.62 20.47
203319.25 554532.62 18.57
203319.25 554442.62 16.90
203319.25 554352.62 19.79
203319.25 554262.62 18.74
203319.25 554172.62 16.72
203319.25 554082.62 15.79
203319.25 553992.62 15.42
203319.25 553902.62 15.13
203319.25 553812.62 15.09
203319.25 553722.62 15.12
203319.25 553632.62 14.89
203319.25 553542.62 14.96
203319.25 553452.62 14.88
203319.25 553362.62 14.71
203319.25 553272.62 14.75
203319.25 553182.62 14.40
203319.25 553092.62 14.12
203319.25 553002.62 14.12
203319.25 552912.62 14.25
203319.25 552822.62 14.73
203319.25 552732.62 14.87
203319.25 552642.62 16.99
203319.25 552552.62 12.63
203319.25 552462.62 17.98
203319.25 552372.62 17.50
203319.25 552282.62 16.55
203319.25 552192.62 16.51
203319.25 552102.62 21.15
203409.25 555522.62 23.76
203409.25 555432.62 23.96
203409.25 555342.62 23.05
203409.25 555252.62 22.61
203409.25 555162.62 22.72
203409.25 555072.62 22.50
203409.25 554982.62 21.21
203409.25 554892.62 20.73
203409.25 554802.62 18.85
203409.25 554712.62 16.94
203409.25 554622.62 19.58
203409.25 554532.62 20.02
203409.25 554442.62 20.42
203409.25 554352.62 20.93
203409.25 554262.62 16.74
203409.25 554172.62 16.16
203409.25 554082.62 15.92
203409.25 553992.62 15.02
203409.25 553902.62 14.94
203409.25 553812.62 14.66
203409.25 553722.62 14.49
203409.25 553632.62 14.52
203409.25 553542.62 14.62
203409.25 553452.62 14.58
203409.25 553362.62 14.61
203409.25 553272.62 14.52
203409.25 553182.62 14.13
203409.25 553092.62 14.15
203409.25 553002.62 14.21
203409.25 552912.62 14.78
203409.25 552822.62 15.21
203409.25 552732.62 14.53
203409.25 552642.62 17.19
203409.25 552552.62 13.19
203409.25 552462.62 17.79
203409.25 552372.62 17.38
203409.25 552282.62 16.54
203409.25 552192.62 15.56
203409.25 552102.62 19.30
203499.25 555612.62 24.04
203499.25 555522.62 23.77
203499.25 555432.62 23.98
203499.25 555342.62 22.87
203499.25 555252.62 22.23
203499.25 555162.62 21.52
203499.25 555072.62 22.14
203499.25 554982.62 18.33
203499.25 554892.62 20.06
203499.25 554802.62 20.99
203499.25 554712.62 20.64
203499.25 554622.62 20.73
203499.25 554532.62 21.27
203499.25 554442.62 20.92
203499.25 554352.62 17.54
203499.25 554262.62 15.73
203499.25 554172.62 15.40
203499.25 554082.62 15.58
203499.25 553992.62 14.85
203499.25 553902.62 14.77
203499.25 553812.62 14.28
203499.25 553722.62 14.11
203499.25 553632.62 14.32
203499.25 553542.62 14.40
203499.25 553452.62 14.58
203499.25 553362.62 14.28
203499.25 553272.62 14.24
203499.25 553182.62 14.28
203499.25 553092.62 14.43
203499.25 553002.62 14.37
203499.25 552912.62 15.34
203499.25 552822.62 15.25
203499.25 552732.62 14.58
203499.25 552642.62 15.89
203499.25 552552.62 14.35
203499.25 552462.62 16.42
203499.25 552372.62 16.83
203499.25 552282.62 16.57
203499.25 552192.62 16.61
203499.25 552102.62 18.82
203589.25 555612.62 22.49
203589.25 555522.62 21.71
203589.25 555432.62 21.79
203589.25 555342.62 21.27
203589.25 555252.62 21.03
203589.25 555162.62 21.25
203589.25 555072.62 22.85
203589.25 554982.62 21.02
203589.25 554892.62 21.52
203589.25 554802.62 21.91
203589.25 554712.62 21.73
203589.25 554622.62 21.18
203589.25 554532.62 19.44
203589.25 554442.62 17.56
203589.25 554352.62 16.42
203589.25 554262.62 15.60
203589.25 554172.62 15.16
203589.25 554082.62 15.20
203589.25 553992.62 14.85
203589.25 553902.62 14.57
203589.25 553812.62 14.47
203589.25 553722.62 14.17
203589.25 553632.62 14.19
203589.25 553542.62 14.24
203589.25 553452.62 14.12
203589.25 553362.62 14.23
203589.25 553272.62 13.75
203589.25 553182.62 14.05
203589.25 553092.62 14.49
203589.25 553002.62 14.65
203589.25 552912.62 15.16
203589.25 552822.62 15.16
203589.25 552732.62 14.49
203589.25 552642.62 14.25
203589.25 552552.62 15.48
203589.25 552462.62 13.21
203589.25 552372.62 17.27
203589.25 552282.62 17.10
203589.25 552192.62 17.61
203589.25 552102.62 16.32
203679.25 555702.62 24.06
203679.25 555612.62 25.02
203679.25 555522.62 25.07
203679.25 555432.62 25.04
203679.25 555342.62 24.87
203679.25 555252.62 25.24
203679.25 555162.62 31.57
203679.25 555072.62 24.21
203679.25 554982.62 24.93
203679.25 554892.62 22.63
203679.25 554802.62 21.78
203679.25 554712.62 21.24
203679.25 554622.62 20.98
203679.25 554532.62 18.43
203679.25 554442.62 17.34
203679.25 554352.62 16.76
203679.25 554262.62 15.60
203679.25 554172.62 15.28
203679.25 554082.62 15.41
203679.25 553992.62 15.21
203679.25 553902.62 14.74
203679.25 553812.62 14.53
203679.25 553722.62 14.47
203679.25 553632.62 14.38
203679.25 553542.62 14.30
203679.25 553452.62 14.05
203679.25 553362.62 14.13
203679.25 553272.62 13.76
203679.25 553182.62 14.11
203679.25 553092.62 14.75
203679.25 553002.62 15.10
203679.25 552912.62 15.00
203679.25 552822.62 15.07
203679.25 552732.62 14.54
203679.25 552642.62 13.86
203679.25 552552.62 16.73
203679.25 552462.62 9.73
203679.25 552372.62 17.07
203679.25 552282.62 18.02
203679.25 552192.62 18.64
203679.25 552102.62 16.13
203769.25 555702.62 36.92
203769.25 555612.62 31.19
203769.25 555522.62 27.68
203769.25 555432.62 27.06
203769.25 555342.62 31.56
203769.25 555252.62 33.65
203769.25 555162.62 46.10
203769.25 555072.62 35.27
203769.25 554982.62 31.64
203769.25 554892.62 26.14
203769.25 554802.62 24.87
203769.25 554712.62 24.31
203769.25 554622.62 25.53
203769.25 554532.62 28.13
203769.25 554442.62 25.04
203769.25 554352.62 21.52
203769.25 554262.62 24.23
203769.25 554172.62 19.88
203769.25 554082.62 17.39
203769.25 553992.62 16.44
203769.25 553902.62 15.48
203769.25 553812.62 15.33
203769.25 553722.62 14.93
203769.25 553632.62 14.56
203769.25 553542.62 14.48
203769.25 553452.62 14.29
203769.25 553362.62 13.98
203769.25 553272.62 14.47
203769.25 553182.62 14.37
203769.25 553092.62 14.31
203769.25 553002.62 14.93
203769.25 552912.62 15.18
203769.25 552822.62 16.91
203769.25 552732.62 14.25
203769.25 552642.62 14.24
203769.25 552552.62 14.81
203769.25 552462.62 13.30
203769.25 552372.62 10.45
203769.25 552282.62 15.16
203769.25 552192.62 18.15
203769.25 552102.62 15.14
203769.25 552012.62 14.64
203859.25 555792.62 39.02
203859.25 555702.62 40.21
203859.25 555612.62 31.16
203859.25 555522.62 28.23
203859.25 555432.62 28.00
203859.25 555342.62 30.39
203859.25 555252.62 39.27
203859.25 555162.62 48.86
203859.25 555072.62 39.15
203859.25 554982.62 29.63
203859.25 554892.62 27.95
203859.25 554802.62 31.85
203859.25 554712.62 27.32
203859.25 554622.62 25.99
203859.25 554532.62 31.22
203859.25 554442.62 39.07
203859.25 554352.62 33.52
203859.25 554262.62 34.36
203859.25 554172.62 24.36
203859.25 554082.62 21.21
203859.25 553992.62 21.58
203859.25 553902.62 21.33
203859.25 553812.62 19.12
203859.25 553722.62 15.85
203859.25 553632.62 14.78
203859.25 553542.62 14.48
203859.25 553452.62 14.63
203859.25 553362.62 14.50
203859.25 553272.62 14.29
203859.25 553182.62 13.99
203859.25 553092.62 13.83
203859.25 553002.62 15.87
203859.25 552912.62 17.71
203859.25 552822.62 15.02
203859.25 552732.62 14.05
203859.25 552642.62 13.82
203859.25 552552.62 13.82
203859.25 552462.62 14.14
203859.25 552372.62 12.56
203859.25 552282.62 11.75
203859.25 552192.62 18.25
203859.25 552102.62 16.44
203859.25 552012.62 14.42
203949.25 555792.62 46.08
203949.25 555702.62 32.44
203949.25 555612.62 30.09
203949.25 555522.62 29.44
203949.25 555432.62 29.56
203949.25 555342.62 33.74
203949.25 555252.62 49.48
203949.25 555162.62 54.60
203949.25 555072.62 53.67
203949.25 554982.62 33.78
203949.25 554892.62 41.15
203949.25 554802.62 42.34
203949.25 554712.62 35.44
203949.25 554622.62 28.17
203949.25 554532.62 35.78
203949.25 554442.62 55.71
203949.25 554352.62 46.37
203949.25 554262.62 34.75
203949.25 554172.62 26.86
203949.25 554082.62 25.73
203949.25 553992.62 27.85
203949.25 553902.62 25.99
203949.25 553812.62 21.23
203949.25 553722.62 18.83
203949.25 553632.62 18.80
203949.25 553542.62 15.90
203949.25 553452.62 14.87
203949.25 553362.62 14.90
203949.25 553272.62 14.50
203949.25 553182.62 17.02
203949.25 553092.62 17.08
203949.25 553002.62 14.35
203949.25 552912.62 14.48
203949.25 552822.62 13.71
203949.25 552732.62 13.81
203949.25 552642.62 13.74
203949.25 552552.62 13.28
203949.25 552462.62 13.68
203949.25 552372.62 13.91
203949.25 552282.62 9.60
203949.25 552192.62 13.29
203949.25 552102.62 17.18
203949.25 552012.62 15.33
203949.25 551922.62 13.52
204039.25 555882.62 50.47
204039.25 555792.62 45.46
204039.25 555702.62 32.06
204039.25 555612.62 39.25
204039.25 555522.62 35.13
204039.25 555432.62 40.58
204039.25 555342.62 49.82
204039.25 555252.62 57.40
204039.25 555162.62 73.69
204039.25 555072.62 69.21
204039.25 554982.62 51.56
204039.25 554892.62 51.15
204039.25 554802.62 45.27
204039.25 554712.62 36.07
204039.25 554622.62 37.93
204039.25 554532.62 36.68
204039.25 554442.62 58.01
204039.25 554352.62 54.19
204039.25 554262.62 38.06
204039.25 554172.62 31.49
204039.25 554082.62 31.76
204039.25 553992.62 30.40
204039.25 553902.62 25.75
204039.25 553812.62 22.60
204039.25 553722.62 19.81
204039.25 553632.62 19.82
204039.25 553542.62 16.16
204039.25 553452.62 16.52
204039.25 553362.62 16.51
204039.25 553272.62 17.86
204039.25 553182.62 18.53
204039.25 553092.62 18.57
204039.25 553002.62 16.39
204039.25 552912.62 14.43
204039.25 552822.62 13.68
204039.25 552732.62 13.36
204039.25 552642.62 13.76
204039.25 552552.62 13.21
204039.25 552462.62 13.72
204039.25 552372.62 13.41
204039.25 552282.62 14.43
204039.25 552192.62 10.05
204039.25 552102.62 13.27
204039.25 552012.62 16.13
204039.25 551922.62 15.72
204129.25 555882.62 49.63
204129.25 555792.62 45.58
204129.25 555702.62 51.12
204129.25 555612.62 56.78
204129.25 555522.62 52.36
204129.25 555432.62 57.56
204129.25 555342.62 65.80
204129.25 555252.62 73.12
204129.25 555162.62 91.17
204129.25 555072.62 84.05
204129.25 554982.62 69.49
204129.25 554892.62 56.88
204129.25 554802.62 48.37
204129.25 554712.62 42.76
204129.25 554622.62 46.66
204129.25 554532.62 42.98
204129.25 554442.62 51.91
204129.25 554352.62 56.52
204129.25 554262.62 43.53
204129.25 554172.62 37.69
204129.25 554082.62 31.57
204129.25 553992.62 29.33
204129.25 553902.62 25.15
204129.25 553812.62 22.32
204129.25 553722.62 19.80
204129.25 553632.62 18.95
204129.25 553542.62 18.17
204129.25 553452.62 18.03
204129.25 553362.62 18.26
204129.25 553272.62 18.65
204129.25 553182.62 19.11
204129.25 553092.62 19.05
204129.25 553002.62 17.53
204129.25 552912.62 16.08
204129.25 552822.62 13.94
204129.25 552732.62 13.55
204129.25 552642.62 13.34
204129.25 552552.62 13.54
204129.25 552462.62 13.71
204129.25 552372.62 13.55
204129.25 552282.62 13.70
204129.25 552192.62 13.00
204129.25 552102.62 10.94
204129.25 552012.62 10.25
204129.25 551922.62 12.33
204129.25 551832.62 13.57
204219.25 555972.62 54.37
204219.25 555882.62 50.27
204219.25 555792.62 59.15
204219.25 555702.62 70.58
204219.25 555612.62 73.14
204219.25 555522.62 76.19
204219.25 555432.62 76.83
204219.25 555342.62 82.76
204219.25 555252.62 76.56
204219.25 555162.62 72.84
204219.25 555072.62 75.33
204219.25 554982.62 58.46
204219.25 554892.62 56.79
204219.25 554802.62 50.56
204219.25 554712.62 40.60
204219.25 554622.62 42.33
204219.25 554532.62 45.78
204219.25 554442.62 46.37
204219.25 554352.62 53.53
204219.25 554262.62 45.27
204219.25 554172.62 39.19
204219.25 554082.62 32.86
204219.25 553992.62 27.53
204219.25 553902.62 23.99
204219.25 553812.62 21.45
204219.25 553722.62 19.42
204219.25 553632.62 18.60
204219.25 553542.62 18.65
204219.25 553452.62 18.74
204219.25 553362.62 18.77
204219.25 553272.62 18.99
204219.25 553182.62 22.55
204219.25 553092.62 20.47
204219.25 553002.62 19.28
204219.25 552912.62 18.61
204219.25 552822.62 14.59
204219.25 552732.62 14.35
204219.25 552642.62 14.05
204219.25 552552.62 13.18
204219.25 552462.62 13.45
204219.25 552372.62 13.59
204219.25 552282.62 13.82
204219.25 552192.62 15.88
204219.25 552102.62 11.83
204219.25 552012.62 12.61
204219.25 551922.62 11.85
204219.25 551832.62 9.53
204309.25 555972.62 44.35
204309.25 555882.62 60.73
204309.25 555792.62 74.11
204309.25 555702.62 98.51
204309.25 555612.62 96.83
204309.25 555522.62 109.25
204309.25 555432.62 102.82
204309.25 555342.62 83.34
204309.25 555252.62 67.84
204309.25 555162.62 54.57
204309.25 555072.62 58.93
204309.25 554982.62 47.70
204309.25 554892.62 51.48
204309.25 554802.62 44.36
204309.25 554712.62 38.59
204309.25 554622.62 35.21
204309.25 554532.62 37.93
204309.25 554442.62 39.60
204309.25 554352.62 50.72
204309.25 554262.62 44.93
204309.25 554172.62 36.96
204309.25 554082.62 31.80
204309.25 553992.62 30.36
204309.25 553902.62 25.65
204309.25 553812.62 21.85
204309.25 553722.62 19.70
204309.25 553632.62 18.56
204309.25 553542.62 18.41
204309.25 553452.62 18.70
204309.25 553362.62 18.63
204309.25 553272.62 19.17
204309.25 553182.62 23.86
204309.25 553092.62 25.01
204309.25 553002.62 23.13
204309.25 552912.62 19.08
204309.25 552822.62 16.92
204309.25 552732.62 16.84
204309.25 552642.62 14.91
204309.25 552552.62 13.71
204309.25 552462.62 13.31
204309.25 552372.62 14.05
204309.25 552282.62 15.78
204309.25 552192.62 14.58
204309.25 552102.62 12.03
204309.25 552012.62 12.33
204309.25 551922.62 11.96
204309.25 551832.62 13.41
204309.25 551742.62 12.71
204399.25 556062.62 41.40
204399.25 555972.62 54.22
204399.25 555882.62 74.75
204399.25 555792.62 101.81
204399.25 555702.62 125.61
204399.25 555612.62 120.85
204399.25 555522.62 105.76
204399.25 555432.62 86.92
204399.25 555342.62 76.57
204399.25 555252.62 58.78
204399.25 555162.62 48.16
204399.25 555072.62 43.79
204399.25 554982.62 36.20
204399.25 554892.62 37.99
204399.25 554802.62 35.42
204399.25 554712.62 33.01
204399.25 554622.62 30.92
204399.25 554532.62 32.98
204399.25 554442.62 38.26
204399.25 554352.62 44.35
204399.25 554262.62 43.07
204399.25 554172.62 37.72
204399.25 554082.62 30.23
204399.25 553992.62 27.68
204399.25 553902.62 25.35
204399.25 553812.62 21.34
204399.25 553722.62 18.24
204399.25 553632.62 18.98
204399.25 553542.62 18.60
204399.25 553452.62 18.65
204399.25 553362.62 19.40
204399.25 553272.62 22.02
204399.25 553182.62 24.53
204399.25 553092.62 26.06
204399.25 553002.62 21.12
204399.25 552912.62 18.49
204399.25 552822.62 18.70
204399.25 552732.62 18.02
204399.25 552642.62 15.68
204399.25 552552.62 14.51
204399.25 552462.62 15.99
204399.25 552372.62 16.22
204399.25 552282.62 14.08
204399.25 552192.62 13.13
204399.25 552102.62 12.21
204399.25 552012.62 11.89
204399.25 551922.62 12.10
204399.25 551832.62 12.39
204399.25 551742.62 11.85
204489.25 556062.62 68.76
204489.25 555972.62 84.49
204489.25 555882.62 102.69
204489.25 555792.62 119.81
204489.25 555702.62 113.01
204489.25 555612.62 104.06
204489.25 555522.62 77.87
204489.25 555432.62 59.29
204489.25 555342.62 50.21
204489.25 555252.62 43.88
204489.25 555162.62 40.89
204489.25 555072.62 37.83
204489.25 554982.62 33.25
204489.25 554892.62 30.70
204489.25 554802.62 29.01
204489.25 554712.62 27.68
204489.25 554622.62 26.80
204489.25 554532.62 30.16
204489.25 554442.62 34.85
204489.25 554352.62 36.35
204489.25 554262.62 32.69
204489.25 554172.62 28.46
204489.25 554082.62 25.62
204489.25 553992.62 22.52
204489.25 553902.62 24.97
204489.25 553812.62 23.89
204489.25 553722.62 22.96
204489.25 553632.62 27.42
204489.25 553542.62 23.72
204489.25 553452.62 23.20
204489.25 553362.62 24.15
204489.25 553272.62 28.15
204489.25 553182.62 27.01
204489.25 553092.62 28.65
204489.25 553002.62 25.01
204489.25 552912.62 27.21
204489.25 552822.62 25.57
204489.25 552732.62 21.51
204489.25 552642.62 20.23
204489.25 552552.62 20.59
204489.25 552462.62 27.17
204489.25 552372.62 24.96
204489.25 552282.62 20.94
204489.25 552192.62 15.56
204489.25 552102.62 12.51
204489.25 552012.62 11.89
204489.25 551922.62 11.73
204489.25 551832.62 11.64
204489.25 551742.62 11.44
204489.25 551652.62 12.06
204579.25 556152.62 57.53
204579.25 556062.62 75.71
204579.25 555972.62 101.15
204579.25 555882.62 112.80
204579.25 555792.62 97.50
204579.25 555702.62 75.99
204579.25 555612.62 80.82
204579.25 555522.62 81.92
204579.25 555432.62 64.19
204579.25 555342.62 54.02
204579.25 555252.62 44.64
204579.25 555162.62 42.34
204579.25 555072.62 37.06
204579.25 554982.62 32.67
204579.25 554892.62 29.59
204579.25 554802.62 27.40
204579.25 554712.62 25.76
204579.25 554622.62 24.83
204579.25 554532.62 25.01
204579.25 554442.62 33.81
204579.25 554352.62 34.28
204579.25 554262.62 28.15
204579.25 554172.62 25.75
204579.25 554082.62 23.25
204579.25 553992.62 26.82
204579.25 553902.62 28.69
204579.25 553812.62 31.29
204579.25 553722.62 28.64
204579.25 553632.62 31.79
204579.25 553542.62 29.88
204579.25 553452.62 28.26
204579.25 553362.62 28.36
204579.25 553272.62 27.39
204579.25 553182.62 25.72
204579.25 553092.62 27.71
204579.25 553002.62 22.95
204579.25 552912.62 23.99
204579.25 552822.62 24.12
204579.25 552732.62 25.18
204579.25 552642.62 24.74
204579.25 552552.62 31.47
204579.25 552462.62 34.20
204579.25 552372.62 31.37
204579.25 552282.62 26.27
204579.25 552192.62 20.49
204579.25 552102.62 13.51
204579.25 552012.62 12.09
204579.25 551922.62 11.64
204579.25 551832.62 11.20
204579.25 551742.62 11.28
204579.25 551652.62 11.20
204669.25 556152.62 65.54
204669.25 556062.62 73.11
204669.25 555972.62 92.79
204669.25 555882.62 108.74
204669.25 555792.62 87.99
204669.25 555702.62 53.83
204669.25 555612.62 62.84
204669.25 555522.62 69.51
204669.25 555432.62 61.10
204669.25 555342.62 53.76
204669.25 555252.62 49.22
204669.25 555162.62 49.48
204669.25 555072.62 41.98
204669.25 554982.62 39.96
204669.25 554892.62 34.08
204669.25 554802.62 31.56
204669.25 554712.62 26.18
204669.25 554622.62 23.90
204669.25 554532.62 23.21
204669.25 554442.62 31.99
204669.25 554352.62 29.75
204669.25 554262.62 27.68
204669.25 554172.62 26.31
204669.25 554082.62 26.37
204669.25 553992.62 30.36
204669.25 553902.62 33.27
204669.25 553812.62 38.25
204669.25 553722.62 34.54
204669.25 553632.62 34.03
204669.25 553542.62 27.92
204669.25 553452.62 29.35
204669.25 553362.62 28.13
204669.25 553272.62 27.18
204669.25 553182.62 25.87
204669.25 553092.62 22.11
204669.25 553002.62 21.85
204669.25 552912.62 19.48
204669.25 552822.62 23.45
204669.25 552732.62 28.29
204669.25 552642.62 27.99
204669.25 552552.62 34.19
204669.25 552462.62 30.65
204669.25 552372.62 33.17
204669.25 552282.62 28.83
204669.25 552192.62 30.47
204669.25 552102.62 18.36
204669.25 552012.62 13.41
204669.25 551922.62 12.02
204669.25 551832.62 11.60
204669.25 551742.62 11.22
204669.25 551652.62 11.16
204669.25 551562.62 11.04
204759.25 556242.62 47.91
204759.25 556152.62 51.45
204759.25 556062.62 50.16
204759.25 555972.62 70.38
204759.25 555882.62 74.00
204759.25 555792.62 73.21
204759.25 555702.62 41.37
204759.25 555612.62 51.50
204759.25 555522.62 53.59
204759.25 555432.62 48.00
204759.25 555342.62 49.82
204759.25 555252.62 51.81
204759.25 555162.62 45.15
204759.25 555072.62 48.70
204759.25 554982.62 47.48
204759.25 554892.62 44.53
204759.25 554802.62 35.90
204759.25 554712.62 28.41
204759.25 554622.62 24.06
204759.25 554532.62 22.68
204759.25 554442.62 24.77
204759.25 554352.62 25.02
204759.25 554262.62 31.10
204759.25 554172.62 31.18
204759.25 554082.62 28.84
204759.25 553992.62 33.13
204759.25 553902.62 40.28
204759.25 553812.62 43.59
204759.25 553722.62 36.38
204759.25 553632.62 33.41
204759.25 553542.62 25.63
204759.25 553452.62 24.64
204759.25 553362.62 24.21
204759.25 553272.62 24.70
204759.25 553182.62 25.79
204759.25 553092.62 20.78
204759.25 553002.62 19.18
204759.25 552912.62 17.78
204759.25 552822.62 23.31
204759.25 552732.62 23.79
204759.25 552642.62 23.20
204759.25 552552.62 23.17
204759.25 552462.62 21.02
204759.25 552372.62 21.73
204759.25 552282.62 20.05
204759.25 552192.62 21.10
204759.25 552102.62 17.15
204759.25 552012.62 17.81
204759.25 551922.62 13.30
204759.25 551832.62 12.10
204759.25 551742.62 11.74
204759.25 551652.62 11.55
204759.25 551562.62 11.08
204759.25 551472.62 11.13
204849.25 556242.62 38.00
204849.25 556152.62 35.60
204849.25 556062.62 39.01
204849.25 555972.62 41.76
204849.25 555882.62 44.24
204849.25 555792.62 46.87
204849.25 555702.62 33.58
204849.25 555612.62 42.33
204849.25 555522.62 43.42
204849.25 555432.62 39.72
204849.25 555342.62 42.58
204849.25 555252.62 45.11
204849.25 555162.62 39.21
204849.25 555072.62 46.89
204849.25 554982.62 43.70
204849.25 554892.62 39.54
204849.25 554802.62 31.52
204849.25 554712.62 28.22
204849.25 554622.62 23.70
204849.25 554532.62 22.51
204849.25 554442.62 22.04
204849.25 554352.62 23.00
204849.25 554262.62 29.71
204849.25 554172.62 30.31
204849.25 554082.62 32.35
204849.25 553992.62 38.52
204849.25 553902.62 37.10
204849.25 553812.62 40.42
204849.25 553722.62 37.51
204849.25 553632.62 31.49
204849.25 553542.62 26.42
204849.25 553452.62 22.76
204849.25 553362.62 21.20
204849.25 553272.62 20.53
204849.25 553182.62 20.36
204849.25 553092.62 19.97
204849.25 553002.62 17.90
204849.25 552912.62 16.98
204849.25 552822.62 17.65
204849.25 552732.62 17.23
204849.25 552642.62 16.76
204849.25 552552.62 16.27
204849.25 552462.62 15.44
204849.25 552372.62 15.28
204849.25 552282.62 14.84
204849.25 552192.62 14.84
204849.25 552102.62 14.49
204849.25 552012.62 17.21
204849.25 551922.62 14.07
204849.25 551832.62 12.98
204849.25 551742.62 11.94
204849.25 551652.62 13.00
204849.25 551562.62 10.92
204849.25 551472.62 11.26
204939.25 556332.62 30.51
204939.25 556242.62 30.49
204939.25 556152.62 28.78
204939.25 556062.62 29.32
204939.25 555972.62 30.51
204939.25 555882.62 30.22
204939.25 555792.62 30.61
204939.25 555702.62 33.49
204939.25 555612.62 35.80
204939.25 555522.62 35.64
204939.25 555432.62 33.09
204939.25 555342.62 34.93
204939.25 555252.62 34.58
204939.25 555162.62 32.88
204939.25 555072.62 37.87
204939.25 554982.62 30.97
204939.25 554892.62 33.77
204939.25 554802.62 28.90
204939.25 554712.62 28.06
204939.25 554622.62 23.15
204939.25 554532.62 21.35
204939.25 554442.62 21.11
204939.25 554352.62 21.99
204939.25 554262.62 25.81
204939.25 554172.62 26.09
204939.25 554082.62 29.57
204939.25 553992.62 32.31
204939.25 553902.62 31.70
204939.25 553812.62 38.81
204939.25 553722.62 38.52
204939.25 553632.62 33.80
204939.25 553542.62 28.76
204939.25 553452.62 24.00
204939.25 553362.62 22.26
204939.25 553272.62 20.98
204939.25 553182.62 18.77
204939.25 553092.62 18.57
204939.25 553002.62 17.31
204939.25 552912.62 16.84
204939.25 552822.62 15.96
204939.25 552732.62 15.56
204939.25 552642.62 14.94
204939.25 552552.62 14.72
204939.25 552462.62 14.16
204939.25 552372.62 13.82
204939.25 552282.62 13.68
204939.25 552192.62 13.28
204939.25 552102.62 12.99
204939.25 552012.62 14.15
204939.25 551922.62 12.71
204939.25 551832.62 12.29
204939.25 551742.62 13.26
204939.25 551652.62 14.68
204939.25 551562.62 14.47
204939.25 551472.62 14.41
204939.25 551382.62 15.30
205029.25 556332.62 27.72
205029.25 556242.62 30.28
205029.25 556152.62 26.60
205029.25 556062.62 21.77
205029.25 555972.62 24.76
205029.25 555882.62 26.13
205029.25 555792.62 24.99
205029.25 555702.62 30.78
205029.25 555612.62 33.47
205029.25 555522.62 30.34
205029.25 555432.62 27.76
205029.25 555342.62 27.74
205029.25 555252.62 26.96
205029.25 555162.62 26.57
205029.25 555072.62 28.10
205029.25 554982.62 24.55
205029.25 554892.62 30.22
205029.25 554802.62 27.22
205029.25 554712.62 24.28
205029.25 554622.62 21.87
205029.25 554532.62 20.60
205029.25 554442.62 20.50
205029.25 554352.62 19.82
205029.25 554262.62 22.21
205029.25 554172.62 23.43
205029.25 554082.62 28.44
205029.25 553992.62 30.22
205029.25 553902.62 33.61
205029.25 553812.62 40.01
205029.25 553722.62 39.19
205029.25 553632.62 34.11
205029.25 553542.62 26.93
205029.25 553452.62 23.75
205029.25 553362.62 21.38
205029.25 553272.62 20.02
205029.25 553182.62 18.39
205029.25 553092.62 18.09
205029.25 553002.62 17.35
205029.25 552912.62 17.01
205029.25 552822.62 16.91
205029.25 552732.62 16.13
205029.25 552642.62 15.42
205029.25 552552.62 15.36
205029.25 552462.62 14.72
205029.25 552372.62 14.22
205029.25 552282.62 13.79
205029.25 552192.62 13.41
205029.25 552102.62 12.86
205029.25 552012.62 12.51
205029.25 551922.62 12.34
205029.25 551832.62 13.18
205029.25 551742.62 13.49
205029.25 551652.62 14.47
205029.25 551562.62 15.40
205029.25 551472.62 15.04
205029.25 551382.62 15.28
205119.25 556332.62 25.27
205119.25 556242.62 26.10
205119.25 556152.62 21.32
205119.25 556062.62 19.48
205119.25 555972.62 22.68
205119.25 555882.62 22.87
205119.25 555792.62 24.09
205119.25 555702.62 32.69
205119.25 555612.62 33.83
205119.25 555522.62 26.58
205119.25 555432.62 23.98
205119.25 555342.62 24.46
205119.25 555252.62 24.65
205119.25 555162.62 23.44
205119.25 555072.62 24.84
205119.25 554982.62 22.56
205119.25 554892.62 25.39
205119.25 554802.62 27.52
205119.25 554712.62 22.50
205119.25 554622.62 21.14
205119.25 554532.62 20.12
205119.25 554442.62 20.31
205119.25 554352.62 21.11
205119.25 554262.62 22.51
205119.25 554172.62 25.64
205119.25 554082.62 28.71
205119.25 553992.62 30.99
205119.25 553902.62 33.81
205119.25 553812.62 33.33
205119.25 553722.62 32.95
205119.25 553632.62 29.89
205119.25 553542.62 23.55
205119.25 553452.62 21.64
205119.25 553362.62 20.96
205119.25 553272.62 20.14
205119.25 553182.62 19.74
205119.25 553092.62 18.24
205119.25 553002.62 18.22
205119.25 552912.62 18.45
205119.25 552822.62 19.30
205119.25 552732.62 17.20
205119.25 552642.62 16.72
205119.25 552552.62 18.42
205119.25 552462.62 17.16
205119.25 552372.62 16.24
205119.25 552282.62 16.52
205119.25 552192.62 15.93
205119.25 552102.62 13.47
205119.25 552012.62 12.39
205119.25 551922.62 13.24
205119.25 551832.62 12.99
205119.25 551742.62 12.72
205119.25 551652.62 13.03
205119.25 551562.62 14.63
205119.25 551472.62 14.44
205119.25 551382.62 13.29
205119.25 551292.62 12.84
205209.25 556422.62 16.49
205209.25 556332.62 17.70
205209.25 556242.62 17.91
205209.25 556152.62 17.21
205209.25 556062.62 17.74
205209.25 555972.62 23.68
205209.25 555882.62 32.55
205209.25 555792.62 39.41
205209.25 555702.62 40.52
205209.25 555612.62 33.30
205209.25 555522.62 28.30
205209.25 555432.62 23.30
205209.25 555342.62 21.99
205209.25 555252.62 21.21
205209.25 555162.62 20.47
205209.25 555072.62 21.78
205209.25 554982.62 20.26
205209.25 554892.62 22.47
205209.25 554802.62 25.84
205209.25 554712.62 22.29
205209.25 554622.62 19.13
205209.25 554532.62 18.32
205209.25 554442.62 18.47
205209.25 554352.62 19.30
205209.25 554262.62 20.96
205209.25 554172.62 23.36
205209.25 554082.62 26.35
205209.25 553992.62 30.53
205209.25 553902.62 34.07
205209.25 553812.62 30.82
205209.25 553722.62 29.12
205209.25 553632.62 28.20
205209.25 553542.62 25.62
205209.25 553452.62 24.93
205209.25 553362.62 24.47
205209.25 553272.62 25.00
205209.25 553182.62 23.93
205209.25 553092.62 23.62
205209.25 553002.62 29.03
205209.25 552912.62 27.10
205209.25 552822.62 27.60
205209.25 552732.62 26.08
205209.25 552642.62 26.15
205209.25 552552.62 27.50
205209.25 552462.62 31.49
205209.25 552372.62 32.19
205209.25 552282.62 30.34
205209.25 552192.62 26.86
205209.25 552102.62 24.86
205209.25 552012.62 20.91
205209.25 551922.62 12.59
205209.25 551832.62 12.78
205209.25 551742.62 13.73
205209.25 551652.62 13.40
205209.25 551562.62 12.02
205209.25 551472.62 12.85
205209.25 551382.62 12.73
205209.25 551292.62 11.79
205299.25 556422.62 16.12
205299.25 556332.62 16.10
205299.25 556242.62 16.07
205299.25 556152.62 16.13
205299.25 556062.62 16.72
205299.25 555972.62 18.48
205299.25 555882.62 25.32
205299.25 555792.62 40.72
205299.25 555702.62 36.90
205299.25 555612.62 28.70
205299.25 555522.62 25.26
205299.25 555432.62 23.14
205299.25 555342.62 20.76
205299.25 555252.62 19.01
205299.25 555162.62 18.25
205299.25 555072.62 18.42
205299.25 554982.62 17.86
205299.25 554892.62 18.88
205299.25 554802.62 20.00
205299.25 554712.62 20.95
205299.25 554622.62 18.02
205299.25 554532.62 16.83
205299.25 554442.62 17.58
205299.25 554352.62 18.41
205299.25 554262.62 22.72
205299.25 554172.62 24.46
205299.25 554082.62 30.05
205299.25 553992.62 37.64
205299.25 553902.62 34.55
205299.25 553812.62 32.14
205299.25 553722.62 31.21
205299.25 553632.62 32.03
205299.25 553542.62 28.41
205299.25 553452.62 28.24
205299.25 553362.62 27.88
205299.25 553272.62 35.30
205299.25 553182.62 28.06
205299.25 553092.62 28.17
205299.25 553002.62 32.52
205299.25 552912.62 32.01
205299.25 552822.62 33.43
205299.25 552732.62 37.48
205299.25 552642.62 40.42
205299.25 552552.62 37.83
205299.25 552462.62 48.94
205299.25 552372.62 48.14
205299.25 552282.62 40.95
205299.25 552192.62 28.09
205299.25 552102.62 25.84
205299.25 552012.62 20.05
205299.25 551922.62 12.14
205299.25 551832.62 12.57
205299.25 551742.62 13.41
205299.25 551652.62 12.10
205299.25 551562.62 11.53
205299.25 551472.62 12.11
205299.25 551382.62 12.44
205299.25 551292.62 11.64
205299.25 551202.62 10.34
205389.25 556512.62 16.16
205389.25 556422.62 16.19
205389.25 556332.62 16.24
205389.25 556242.62 15.90
205389.25 556152.62 15.91
205389.25 556062.62 16.12
205389.25 555972.62 16.56
205389.25 555882.62 18.81
205389.25 555792.62 26.29
205389.25 555702.62 27.13
205389.25 555612.62 28.27
205389.25 555522.62 27.05
205389.25 555432.62 25.07
205389.25 555342.62 21.36
205389.25 555252.62 21.67
205389.25 555162.62 17.77
205389.25 555072.62 16.89
205389.25 554982.62 15.60
205389.25 554892.62 15.75
205389.25 554802.62 18.67
205389.25 554712.62 19.83
205389.25 554622.62 16.82
205389.25 554532.62 16.19
205389.25 554442.62 17.18
205389.25 554352.62 17.89
205389.25 554262.62 24.33
205389.25 554172.62 25.64
205389.25 554082.62 33.07
205389.25 553992.62 49.79
205389.25 553902.62 41.52
205389.25 553812.62 35.03
205389.25 553722.62 38.51
205389.25 553632.62 43.98
205389.25 553542.62 38.25
205389.25 553452.62 37.95
205389.25 553362.62 35.83
205389.25 553272.62 36.06
205389.25 553182.62 29.58
205389.25 553092.62 31.63
205389.25 553002.62 36.01
205389.25 552912.62 37.27
205389.25 552822.62 54.52
205389.25 552732.62 61.78
205389.25 552642.62 65.80
205389.25 552552.62 61.44
205389.25 552462.62 60.52
205389.25 552372.62 44.64
205389.25 552282.62 24.56
205389.25 552192.62 22.13
205389.25 552102.62 14.45
205389.25 552012.62 13.80
205389.25 551922.62 12.28
205389.25 551832.62 12.43
205389.25 551742.62 12.31
205389.25 551652.62 12.47
205389.25 551562.62 11.51
205389.25 551472.62 11.98
205389.25 551382.62 12.46
205389.25 551292.62 11.95
205389.25 551202.62 10.39
205479.25 556512.62 16.20
205479.25 556422.62 16.34
205479.25 556332.62 16.17
205479.25 556242.62 16.48
205479.25 556152.62 16.18
205479.25 556062.62 15.88
205479.25 555972.62 16.04
205479.25 555882.62 17.48
205479.25 555792.62 21.12
205479.25 555702.62 26.41
205479.25 555612.62 30.38
205479.25 555522.62 29.97
205479.25 555432.62 24.83
205479.25 555342.62 16.86
205479.25 555252.62 16.20
205479.25 555162.62 15.62
205479.25 555072.62 16.50
205479.25 554982.62 14.91
205479.25 554892.62 14.80
205479.25 554802.62 16.50
205479.25 554712.62 17.23
205479.25 554622.62 15.61
205479.25 554532.62 16.00
205479.25 554442.62 16.84
205479.25 554352.62 17.26
205479.25 554262.62 21.14
205479.25 554172.62 25.13
205479.25 554082.62 34.72
205479.25 553992.62 52.59
205479.25 553902.62 41.72
205479.25 553812.62 42.94
205479.25 553722.62 44.73
205479.25 553632.62 52.53
205479.25 553542.62 65.61
205479.25 553452.62 58.31
205479.25 553362.62 53.25
205479.25 553272.62 43.07
205479.25 553182.62 34.06
205479.25 553092.62 40.57
205479.25 553002.62 41.13
205479.25 552912.62 56.40
205479.25 552822.62 75.99
205479.25 552732.62 77.49
205479.25 552642.62 42.19
205479.25 552552.62 48.80
205479.25 552462.62 41.04
205479.25 552372.62 23.54
205479.25 552282.62 16.06
205479.25 552192.62 14.09
205479.25 552102.62 11.90
205479.25 552012.62 12.02
205479.25 551922.62 12.42
205479.25 551832.62 11.97
205479.25 551742.62 11.80
205479.25 551652.62 11.77
205479.25 551562.62 12.01
205479.25 551472.62 12.28
205479.25 551382.62 12.44
205479.25 551292.62 11.81
205479.25 551202.62 10.52
205479.25 551112.62 10.35
205569.25 556602.62 16.36
205569.25 556512.62 16.17
205569.25 556422.62 16.25
205569.25 556332.62 15.90
205569.25 556242.62 15.91
205569.25 556152.62 17.07
205569.25 556062.62 17.18
205569.25 555972.62 16.18
205569.25 555882.62 18.03
205569.25 555792.62 22.39
205569.25 555702.62 31.83
205569.25 555612.62 27.20
205569.25 555522.62 23.02
205569.25 555432.62 18.07
205569.25 555342.62 14.94
205569.25 555252.62 14.52
205569.25 555162.62 15.56
205569.25 555072.62 15.73
205569.25 554982.62 14.66
205569.25 554892.62 14.48
205569.25 554802.62 14.78
205569.25 554712.62 15.38
205569.25 554622.62 15.95
205569.25 554532.62 16.11
205569.25 554442.62 18.72
205569.25 554352.62 19.28
205569.25 554262.62 23.88
205569.25 554172.62 24.99
205569.25 554082.62 30.80
205569.25 553992.62 43.33
205569.25 553902.62 50.37
205569.25 553812.62 61.90
205569.25 553722.62 63.05
205569.25 553632.62 70.30
205569.25 553542.62 94.71
205569.25 553452.62 84.59
205569.25 553362.62 72.08
205569.25 553272.62 53.70
205569.25 553182.62 36.04
205569.25 553092.62 42.06
205569.25 553002.62 40.61
205569.25 552912.62 51.99
205569.25 552822.62 63.87
205569.25 552732.62 60.60
205569.25 552642.62 28.07
205569.25 552552.62 29.18
205569.25 552462.62 22.50
205569.25 552372.62 15.02
205569.25 552282.62 13.05
205569.25 552192.62 12.02
205569.25 552102.62 11.80
205569.25 552012.62 11.82
205569.25 551922.62 11.98
205569.25 551832.62 11.62
205569.25 551742.62 11.88
205569.25 551652.62 12.10
205569.25 551562.62 12.71
205569.25 551472.62 12.47
205569.25 551382.62 12.40
205569.25 551292.62 12.09
205569.25 551202.62 11.17
205569.25 551112.62 10.39
205659.25 556602.62 16.30
205659.25 556512.62 16.19
205659.25 556422.62 16.05
205659.25 556332.62 15.92
205659.25 556242.62 15.69
205659.25 556152.62 17.29
205659.25 556062.62 17.32
205659.25 555972.62 16.00
205659.25 555882.62 17.44
205659.25 555792.62 22.01
205659.25 555702.62 32.83
205659.25 555612.62 26.38
205659.25 555522.62 20.23
205659.25 555432.62 15.50
205659.25 555342.62 15.18
205659.25 555252.62 14.96
205659.25 555162.62 15.11
205659.25 555072.62 15.09
205659.25 554982.62 14.46
205659.25 554892.62 14.54
205659.25 554802.62 14.64
205659.25 554712.62 15.29
205659.25 554622.62 15.72
205659.25 554532.62 16.30
205659.25 554442.62 24.39
205659.25 554352.62 26.83
205659.25 554262.62 31.01
205659.25 554172.62 36.34
205659.25 554082.62 34.36
205659.25 553992.62 49.53
205659.25 553902.62 72.14
205659.25 553812.62 81.67
205659.25 553722.62 80.80
205659.25 553632.62 71.98
205659.25 553542.62 80.68
205659.25 553452.62 69.42
205659.25 553362.62 61.04
205659.25 553272.62 40.85
205659.25 553182.62 30.89
205659.25 553092.62 33.64
205659.25 553002.62 31.52
205659.25 552912.62 31.17
205659.25 552822.62 42.14
205659.25 552732.62 34.92
205659.25 552642.62 22.56
205659.25 552552.62 17.98
205659.25 552462.62 13.97
205659.25 552372.62 12.55
205659.25 552282.62 11.97
205659.25 552192.62 11.98
205659.25 552102.62 11.87
205659.25 552012.62 11.55
205659.25 551922.62 11.47
205659.25 551832.62 12.01
205659.25 551742.62 12.17
205659.25 551652.62 12.45
205659.25 551562.62 12.67
205659.25 551472.62 12.68
205659.25 551382.62 12.54
205659.25 551292.62 12.23
205659.25 551202.62 12.55
205659.25 551112.62 10.43
205659.25 551022.62 11.65
205749.25 556692.62 16.79
205749.25 556602.62 16.54
205749.25 556512.62 16.24
205749.25 556422.62 15.98
205749.25 556332.62 16.43
205749.25 556242.62 15.91
205749.25 556152.62 17.31
205749.25 556062.62 17.32
205749.25 555972.62 16.19
205749.25 555882.62 16.47
205749.25 555792.62 17.84
205749.25 555702.62 27.52
205749.25 555612.62 31.99
205749.25 555522.62 19.53
205749.25 555432.62 15.00
205749.25 555342.62 15.18
205749.25 555252.62 14.98
205749.25 555162.62 14.73
205749.25 555072.62 14.64
205749.25 554982.62 14.39
205749.25 554892.62 14.25
205749.25 554802.62 14.30
205749.25 554712.62 15.58
205749.25 554622.62 15.82
205749.25 554532.62 15.98
205749.25 554442.62 18.47
205749.25 554352.62 22.29
205749.25 554262.62 35.77
205749.25 554172.62 42.77
205749.25 554082.62 47.90
205749.25 553992.62 42.34
205749.25 553902.62 54.27
205749.25 553812.62 66.52
205749.25 553722.62 66.82
205749.25 553632.62 59.18
205749.25 553542.62 61.01
205749.25 553452.62 44.81
205749.25 553362.62 33.66
205749.25 553272.62 26.87
205749.25 553182.62 24.66
205749.25 553092.62 26.09
205749.25 553002.62 23.57
205749.25 552912.62 23.28
205749.25 552822.62 27.29
205749.25 552732.62 20.79
205749.25 552642.62 16.41
205749.25 552552.62 12.97
205749.25 552462.62 12.07
205749.25 552372.62 11.74
205749.25 552282.62 11.57
205749.25 552192.62 12.56
205749.25 552102.62 11.61
205749.25 552012.62 11.66
205749.25 551922.62 11.87
205749.25 551832.62 12.20
205749.25 551742.62 11.71
205749.25 551652.62 12.50
205749.25 551562.62 12.80
205749.25 551472.62 12.62
205749.25 551382.62 12.51
205749.25 551292.62 12.52
205749.25 551202.62 12.95
205749.25 551112.62 11.68
205749.25 551022.62 12.07
205839.25 556692.62 17.60
205839.25 556602.62 16.71
205839.25 556512.62 16.45
205839.25 556422.62 16.39
205839.25 556332.62 15.87
205839.25 556242.62 15.95
205839.25 556152.62 17.26
205839.25 556062.62 16.71
205839.25 555972.62 16.10
205839.25 555882.62 15.91
205839.25 555792.62 15.99
205839.25 555702.62 20.34
205839.25 555612.62 19.41
205839.25 555522.62 15.91
205839.25 555432.62 14.85
205839.25 555342.62 15.10
205839.25 555252.62 15.04
205839.25 555162.62 14.65
205839.25 555072.62 14.63
205839.25 554982.62 14.33
205839.25 554892.62 14.23
205839.25 554802.62 14.94
205839.25 554712.62 15.44
205839.25 554622.62 15.86
205839.25 554532.62 16.15
205839.25 554442.62 22.29
205839.25 554352.62 29.41
205839.25 554262.62 39.09
205839.25 554172.62 36.05
205839.25 554082.62 35.22
205839.25 553992.62 34.34
205839.25 553902.62 40.87
205839.25 553812.62 45.75
205839.25 553722.62 46.18
205839.25 553632.62 46.39
205839.25 553542.62 47.04
205839.25 553452.62 30.71
205839.25 553362.62 25.20
205839.25 553272.62 18.50
205839.25 553182.62 16.95
205839.25 553092.62 18.00
205839.25 553002.62 16.23
205839.25 552912.62 19.55
205839.25 552822.62 21.42
205839.25 552732.62 14.99
205839.25 552642.62 12.86
205839.25 552552.62 11.95
205839.25 552462.62 11.63
205839.25 552372.62 11.79
205839.25 552282.62 11.80
205839.25 552192.62 11.99
205839.25 552102.62 12.17
205839.25 552012.62 12.13
205839.25 551922.62 12.36
205839.25 551832.62 12.59
205839.25 551742.62 12.42
205839.25 551652.62 12.65
205839.25 551562.62 12.63
205839.25 551472.62 12.79
205839.25 551382.62 13.15
205839.25 551292.62 12.43
205839.25 551202.62 12.91
205839.25 551112.62 12.50
205839.25 551022.62 11.06
205839.25 550932.62 11.39
205929.25 556782.62 19.97
205929.25 556692.62 19.77
205929.25 556602.62 19.59
205929.25 556512.62 19.54
205929.25 556422.62 19.52
205929.25 556332.62 19.41
205929.25 556242.62 19.32
205929.25 556152.62 19.63
205929.25 556062.62 19.38
205929.25 555972.62 19.14
205929.25 555882.62 19.09
205929.25 555792.62 17.45
205929.25 555702.62 17.27
205929.25 555612.62 16.65
205929.25 555522.62 16.30
205929.25 555432.62 16.49
205929.25 555342.62 15.76
205929.25 555252.62 14.80
205929.25 555162.62 16.53
205929.25 555072.62 15.33
205929.25 554982.62 14.46
205929.25 554892.62 14.41
205929.25 554802.62 16.28
205929.25 554712.62 16.26
205929.25 554622.62 15.19
205929.25 554532.62 14.93
205929.25 554442.62 26.03
205929.25 554352.62 28.20
205929.25 554262.62 21.93
205929.25 554172.62 19.70
205929.25 554082.62 18.27
205929.25 553992.62 18.53
205929.25 553902.62 19.66
205929.25 553812.62 18.90
205929.25 553722.62 19.91
205929.25 553632.62 20.90
205929.25 553542.62 19.12
205929.25 553452.62 15.94
205929.25 553362.62 14.98
205929.25 553272.62 13.66
205929.25 553182.62 13.08
205929.25 553092.62 13.20
205929.25 553002.62 12.81
205929.25 552912.62 13.19
205929.25 552822.62 13.53
205929.25 552732.62 12.32
205929.25 552642.62 12.16
205929.25 552552.62 11.84
205929.25 552462.62 11.77
205929.25 552372.62 11.84
205929.25 552282.62 11.91
205929.25 552192.62 11.99
205929.25 552102.62 12.68
205929.25 552012.62 12.76
205929.25 551922.62 12.57
205929.25 551832.62 12.84
205929.25 551742.62 12.59
205929.25 551652.62 12.82
205929.25 551562.62 12.73
205929.25 551472.62 12.74
205929.25 551382.62 12.73
205929.25 551292.62 12.46
205929.25 551202.62 12.65
205929.25 551112.62 12.78
205929.25 551022.62 12.68
205929.25 550932.62 13.02
206019.25 556782.62 21.34
206019.25 556692.62 20.26
206019.25 556602.62 20.20
206019.25 556512.62 20.08
206019.25 556422.62 20.45
206019.25 556332.62 20.23
206019.25 556242.62 20.13
206019.25 556152.62 20.17
206019.25 556062.62 20.15
206019.25 555972.62 20.20
206019.25 555882.62 20.15
206019.25 555792.62 19.36
206019.25 555702.62 16.27
206019.25 555612.62 16.80
206019.25 555522.62 16.21
206019.25 555432.62 17.07
206019.25 555342.62 13.58
206019.25 555252.62 11.74
206019.25 555162.62 11.56
206019.25 555072.62 11.63
206019.25 554982.62 13.86
206019.25 554892.62 13.79
206019.25 554802.62 16.29
206019.25 554712.62 16.97
206019.25 554622.62 13.67
206019.25 554532.62 15.51
206019.25 554442.62 17.41
206019.25 554352.62 17.70
206019.25 554262.62 17.17
206019.25 554172.62 14.52
206019.25 554082.62 15.16
206019.25 553992.62 15.14
206019.25 553902.62 14.93
206019.25 553812.62 14.17
206019.25 553722.62 14.36
206019.25 553632.62 13.22
206019.25 553542.62 13.22
206019.25 553452.62 13.39
206019.25 553362.62 12.40
206019.25 553272.62 12.63
206019.25 553182.62 12.62
206019.25 553092.62 12.26
206019.25 553002.62 12.22
206019.25 552912.62 11.96
206019.25 552822.62 11.89
206019.25 552732.62 11.90
206019.25 552642.62 12.09
206019.25 552552.62 11.92
206019.25 552462.62 12.44
206019.25 552372.62 12.41
206019.25 552282.62 12.60
206019.25 552192.62 12.68
206019.25 552102.62 12.64
206019.25 552012.62 12.95
206019.25 551922.62 12.91
206019.25 551832.62 12.63
206019.25 551742.62 12.68
206019.25 551652.62 12.83
206019.25 551562.62 12.69
206019.25 551472.62 12.70
206019.25 551382.62 12.82
206019.25 551292.62 12.55
206019.25 551202.62 12.65
206019.25 551112.62 12.88
206019.25 551022.62 14.53
206019.25 550932.62 11.38
206019.25 550842.62 8.52
206109.25 556872.62 19.98
206109.25 556782.62 20.07
206109.25 556692.62 20.44
206109.25 556602.62 20.33
206109.25 556512.62 20.27
206109.25 556422.62 20.07
206109.25 556332.62 20.08
206109.25 556242.62 20.01
206109.25 556152.62 16.93
206109.25 556062.62 19.57
206109.25 555972.62 19.71
206109.25 555882.62 19.62
206109.25 555792.62 19.31
206109.25 555702.62 17.99
206109.25 555612.62 16.40
206109.25 555522.62 14.42
206109.25 555432.62 11.73
206109.25 555342.62 10.41
206109.25 555252.62 11.38
206109.25 555162.62 11.80
206109.25 555072.62 11.73
206109.25 554982.62 10.56
206109.25 554892.62 10.48
206109.25 554802.62 11.83
206109.25 554712.62 13.24
206109.25 554622.62 13.16
206109.25 554532.62 14.49
206109.25 554442.62 15.60
206109.25 554352.62 17.62
206109.25 554262.62 14.85
206109.25 554172.62 14.07
206109.25 554082.62 15.52
206109.25 553992.62 15.70
206109.25 553902.62 14.78
206109.25 553812.62 14.23
206109.25 553722.62 14.17
206109.25 553632.62 14.27
206109.25 553542.62 13.37
206109.25 553452.62 12.78
206109.25 553362.62 12.61
206109.25 553272.62 12.61
206109.25 553182.62 12.39
206109.25 553092.62 12.25
206109.25 553002.62 12.13
206109.25 552912.62 12.28
206109.25 552822.62 12.40
206109.25 552732.62 12.45
206109.25 552642.62 12.64
206109.25 552552.62 12.16
206109.25 552462.62 12.50
206109.25 552372.62 12.99
206109.25 552282.62 13.10
206109.25 552192.62 12.79
206109.25 552102.62 12.74
206109.25 552012.62 12.99
206109.25 551922.62 13.03
206109.25 551832.62 12.73
206109.25 551742.62 12.76
206109.25 551652.62 12.70
206109.25 551562.62 12.85
206109.25 551472.62 12.86
206109.25 551382.62 13.14
206109.25 551292.62 14.39
206109.25 551202.62 13.63
206109.25 551112.62 15.57
206109.25 551022.62 11.37
206109.25 550932.62 8.16
206109.25 550842.62 7.45
206109.25 550752.62 11.79
206199.25 556872.62 14.16
206199.25 556782.62 14.39
206199.25 556692.62 14.52
206199.25 556602.62 14.67
206199.25 556512.62 14.88
206199.25 556422.62 15.48
206199.25 556332.62 15.80
206199.25 556242.62 17.10
206199.25 556152.62 17.98
206199.25 556062.62 19.58
206199.25 555972.62 19.44
206199.25 555882.62 19.36
206199.25 555792.62 19.26
206199.25 555702.62 17.21
206199.25 555612.62 12.92
206199.25 555522.62 10.57
206199.25 555432.62 10.95
206199.25 555342.62 14.18
206199.25 555252.62 15.46
206199.25 555162.62 14.33
206199.25 555072.62 14.46
206199.25 554982.62 13.83
206199.25 554892.62 11.67
206199.25 554802.62 11.66
206199.25 554712.62 11.17
206199.25 554622.62 10.58
206199.25 554532.62 10.62
206199.25 554442.62 10.83
206199.25 554352.62 11.35
206199.25 554262.62 13.24
206199.25 554172.62 16.69
206199.25 554082.62 15.01
206199.25 553992.62 15.05
206199.25 553902.62 13.96
206199.25 553812.62 13.90
206199.25 553722.62 14.40
206199.25 553632.62 14.56
206199.25 553542.62 12.50
206199.25 553452.62 12.50
206199.25 553362.62 12.40
206199.25 553272.62 12.68
206199.25 553182.62 13.02
206199.25 553092.62 13.22
206199.25 553002.62 12.90
206199.25 552912.62 12.76
206199.25 552822.62 12.95
206199.25 552732.62 12.99
206199.25 552642.62 12.83
206199.25 552552.62 12.28
206199.25 552462.62 12.55
206199.25 552372.62 12.56
206199.25 552282.62 13.17
206199.25 552192.62 12.83
206199.25 552102.62 12.87
206199.25 552012.62 13.19
206199.25 551922.62 12.87
206199.25 551832.62 12.59
206199.25 551742.62 12.78
206199.25 551652.62 12.92
206199.25 551562.62 12.88
206199.25 551472.62 12.88
206199.25 551382.62 13.38
206199.25 551292.62 13.77
206199.25 551202.62 15.58
206199.25 551112.62 11.31
206199.25 551022.62 7.96
206199.25 550932.62 7.66
206199.25 550842.62 14.57
206199.25 550752.62 14.71
206289.25 556872.62 11.17
206289.25 556782.62 11.26
206289.25 556692.62 11.60
206289.25 556602.62 11.29
206289.25 556512.62 11.32
206289.25 556422.62 11.39
206289.25 556332.62 11.36
206289.25 556242.62 11.83
206289.25 556152.62 12.62
206289.25 556062.62 13.33
206289.25 555972.62 13.42
206289.25 555882.62 13.58
206289.25 555792.62 13.93
206289.25 555702.62 11.97
206289.25 555612.62 10.82
206289.25 555522.62 11.66
206289.25 555432.62 16.00
206289.25 555342.62 14.43
206289.25 555252.62 14.61
206289.25 555162.62 14.29
206289.25 555072.62 14.39
206289.25 554982.62 14.27
206289.25 554892.62 16.03
206289.25 554802.62 16.01
206289.25 554712.62 15.42
206289.25 554622.62 15.03
206289.25 554532.62 15.12
206289.25 554442.62 13.86
206289.25 554352.62 12.07
206289.25 554262.62 10.31
206289.25 554172.62 12.21
206289.25 554082.62 13.93
206289.25 553992.62 15.30
206289.25 553902.62 13.97
206289.25 553812.62 13.88
206289.25 553722.62 14.56
206289.25 553632.62 14.47
206289.25 553542.62 12.40
206289.25 553452.62 12.54
206289.25 553362.62 12.95
206289.25 553272.62 12.86
206289.25 553182.62 13.15
206289.25 553092.62 13.77
206289.25 553002.62 13.09
206289.25 552912.62 13.15
206289.25 552822.62 12.87
206289.25 552732.62 12.73
206289.25 552642.62 12.61
206289.25 552552.62 12.53
206289.25 552462.62 12.58
206289.25 552372.62 12.36
206289.25 552282.62 12.88
206289.25 552192.62 12.95
206289.25 552102.62 13.03
206289.25 552012.62 13.10
206289.25 551922.62 12.79
206289.25 551832.62 13.16
206289.25 551742.62 12.89
206289.25 551652.62 12.76
206289.25 551562.62 12.76
206289.25 551472.62 12.92
206289.25 551382.62 15.10
206289.25 551292.62 11.76
206289.25 551202.62 9.89
206289.25 551112.62 7.88
206289.25 551022.62 9.76
206289.25 550932.62 14.27
206289.25 550842.62 15.41
206289.25 550752.62 15.25
206379.25 556872.62 17.67
206379.25 556782.62 16.72
206379.25 556692.62 15.51
206379.25 556602.62 15.80
206379.25 556512.62 16.46
206379.25 556422.62 13.35
206379.25 556332.62 12.31
206379.25 556242.62 11.99
206379.25 556152.62 11.70
206379.25 556062.62 11.18
206379.25 555972.62 10.98
206379.25 555882.62 9.40
206379.25 555792.62 10.97
206379.25 555702.62 11.86
206379.25 555612.62 13.72
206379.25 555522.62 14.34
206379.25 555432.62 15.00
206379.25 555342.62 14.07
206379.25 555252.62 14.19
206379.25 555162.62 14.20
206379.25 555072.62 14.27
206379.25 554982.62 13.98
206379.25 554892.62 15.26
206379.25 554802.62 14.74
206379.25 554712.62 14.53
206379.25 554622.62 14.62
206379.25 554532.62 14.43
206379.25 554442.62 14.30
206379.25 554352.62 14.23
206379.25 554262.62 11.73
206379.25 554172.62 9.27
206379.25 554082.62 9.40
206379.25 553992.62 12.53
206379.25 553902.62 16.35
206379.25 553812.62 13.92
206379.25 553722.62 14.41
206379.25 553632.62 13.17
206379.25 553542.62 12.51
206379.25 553452.62 12.47
206379.25 553362.62 12.75
206379.25 553272.62 12.94
206379.25 553182.62 13.13
206379.25 553092.62 13.26
206379.25 553002.62 13.13
206379.25 552912.62 12.94
206379.25 552822.62 12.80
206379.25 552732.62 12.85
206379.25 552642.62 12.81
206379.25 552552.62 12.62
206379.25 552462.62 12.20
206379.25 552372.62 12.52
206379.25 552282.62 12.48
206379.25 552192.62 12.88
206379.25 552102.62 12.98
206379.25 552012.62 12.81
206379.25 551922.62 12.82
206379.25 551832.62 13.12
206379.25 551742.62 12.91
206379.25 551652.62 12.97
206379.25 551562.62 13.93
206379.25 551472.62 14.59
206379.25 551382.62 10.07
206379.25 551292.62 8.11
206379.25 551202.62 7.99
206379.25 551112.62 11.39
206379.25 551022.62 14.70
206379.25 550932.62 15.72
206379.25 550842.62 15.49
206379.25 550752.62 15.70
206469.25 556782.62 16.73
206469.25 556692.62 16.46
206469.25 556602.62 16.90
206469.25 556512.62 16.01
206469.25 556422.62 15.30
206469.25 556332.62 14.87
206469.25 556242.62 15.12
206469.25 556152.62 16.59
206469.25 556062.62 15.95
206469.25 555972.62 13.74
206469.25 555882.62 12.72
206469.25 555792.62 13.51
206469.25 555702.62 16.21
206469.25 555612.62 14.48
206469.25 555522.62 14.52
206469.25 555432.62 14.20
206469.25 555342.62 14.04
206469.25 555252.62 13.90
206469.25 555162.62 13.87
206469.25 555072.62 14.08
206469.25 554982.62 14.77
206469.25 554892.62 15.08
206469.25 554802.62 14.37
206469.25 554712.62 14.05
206469.25 554622.62 14.14
206469.25 554532.62 13.75
206469.25 554442.62 13.84
206469.25 554352.62 13.73
206469.25 554262.62 14.20
206469.25 554172.62 12.86
206469.25 554082.62 10.55
206469.25 553992.62 8.38
206469.25 553902.62 11.49
206469.25 553812.62 13.65
206469.25 553722.62 14.72
206469.25 553632.62 13.68
206469.25 553542.62 12.76
206469.25 553452.62 13.27
206469.25 553362.62 13.30
206469.25 553272.62 13.36
206469.25 553182.62 13.37
206469.25 553092.62 13.12
206469.25 553002.62 13.04
206469.25 552912.62 12.96
206469.25 552822.62 12.93
206469.25 552732.62 13.01
206469.25 552642.62 12.82
206469.25 552552.62 12.79
206469.25 552462.62 12.77
206469.25 552372.62 12.97
206469.25 552282.62 12.84
206469.25 552192.62 13.32
206469.25 552102.62 13.05
206469.25 552012.62 12.83
206469.25 551922.62 13.06
206469.25 551832.62 12.89
206469.25 551742.62 14.91
206469.25 551652.62 12.91
206469.25 551562.62 10.94
206469.25 551472.62 9.36
206469.25 551382.62 8.65
206469.25 551292.62 10.91
206469.25 551202.62 14.85
206469.25 551112.62 16.59
206469.25 551022.62 15.77
206469.25 550932.62 16.18
206469.25 550842.62 17.14
206469.25 550752.62 17.76
206559.25 556782.62 15.94
206559.25 556692.62 15.99
206559.25 556602.62 16.21
206559.25 556512.62 15.59
206559.25 556422.62 15.20
206559.25 556332.62 15.30
206559.25 556242.62 15.31
206559.25 556152.62 15.40
206559.25 556062.62 15.19
206559.25 555972.62 14.49
206559.25 555882.62 14.66
206559.25 555792.62 14.54
206559.25 555702.62 14.80
206559.25 555612.62 14.47
206559.25 555522.62 14.08
206559.25 555432.62 13.98
206559.25 555342.62 13.55
206559.25 555252.62 13.77
206559.25 555162.62 13.79
206559.25 555072.62 13.60
206559.25 554982.62 15.33
206559.25 554892.62 14.94
206559.25 554802.62 14.10
206559.25 554712.62 13.78
206559.25 554622.62 13.60
206559.25 554532.62 13.41
206559.25 554442.62 13.33
206559.25 554352.62 13.06
206559.25 554262.62 13.98
206559.25 554172.62 13.52
206559.25 554082.62 16.22
206559.25 553992.62 10.99
206559.25 553902.62 9.13
206559.25 553812.62 8.98
206559.25 553722.62 12.12
206559.25 553632.62 16.04
206559.25 553542.62 13.05
206559.25 553452.62 13.34
206559.25 553362.62 13.51
206559.25 553272.62 13.66
206559.25 553182.62 14.44
206559.25 553092.62 13.77
206559.25 553002.62 12.98
206559.25 552912.62 13.58
206559.25 552822.62 13.29
206559.25 552732.62 13.49
206559.25 552642.62 13.24
206559.25 552552.62 12.85
206559.25 552462.62 12.79
206559.25 552372.62 12.93
206559.25 552282.62 13.23
206559.25 552192.62 13.60
206559.25 552102.62 12.87
206559.25 552012.62 13.05
206559.25 551922.62 16.04
206559.25 551832.62 12.03
206559.25 551742.62 11.04
206559.25 551652.62 8.53
206559.25 551562.62 7.89
206559.25 551472.62 9.25
206559.25 551382.62 15.33
206559.25 551292.62 14.57
206559.25 551202.62 15.64
206559.25 551112.62 16.40
206559.25 551022.62 16.22
206559.25 550932.62 16.95
206559.25 550842.62 19.26
206559.25 550752.62 16.60
206649.25 556692.62 15.81
206649.25 556602.62 15.60
206649.25 556512.62 15.56
206649.25 556422.62 15.63
206649.25 556332.62 15.54
206649.25 556242.62 15.44
206649.25 556152.62 14.69
206649.25 556062.62 14.58
206649.25 555972.62 14.52
206649.25 555882.62 14.72
206649.25 555792.62 14.59
206649.25 555702.62 14.05
206649.25 555612.62 14.17
206649.25 555522.62 14.01
206649.25 555432.62 13.97
206649.25 555342.62 13.94
206649.25 555252.62 13.83
206649.25 555162.62 13.79
206649.25 555072.62 13.52
206649.25 554982.62 15.08
206649.25 554892.62 14.25
206649.25 554802.62 13.88
206649.25 554712.62 13.65
206649.25 554622.62 13.45
206649.25 554532.62 13.24
206649.25 554442.62 13.02
206649.25 554352.62 13.14
206649.25 554262.62 13.57
206649.25 554172.62 13.52
206649.25 554082.62 14.39
206649.25 553992.62 13.24
206649.25 553902.62 12.57
206649.25 553812.62 15.55
206649.25 553722.62 11.74
206649.25 553632.62 10.36
206649.25 553542.62 11.85
206649.25 553452.62 14.23
206649.25 553362.62 14.17
206649.25 553272.62 14.39
206649.25 553182.62 13.62
206649.25 553092.62 13.38
206649.25 553002.62 12.95
206649.25 552912.62 13.76
206649.25 552822.62 13.53
206649.25 552732.62 13.56
206649.25 552642.62 13.46
206649.25 552552.62 12.70
206649.25 552462.62 13.17
206649.25 552372.62 13.28
206649.25 552282.62 13.53
206649.25 552192.62 15.08
206649.25 552102.62 9.97
206649.25 552012.62 8.47
206649.25 551922.62 9.69
206649.25 551832.62 10.95
206649.25 551742.62 13.25
206649.25 551652.62 13.95
206649.25 551562.62 13.62
206649.25 551472.62 14.15
206649.25 551382.62 15.86
206649.25 551292.62 15.80
206649.25 551202.62 15.85
206649.25 551112.62 15.81
206649.25 551022.62 16.00
206649.25 550932.62 16.29
206649.25 550842.62 17.78
206649.25 550752.62 20.55
206739.25 556512.62 15.77
206739.25 556422.62 15.87
206739.25 556332.62 15.93
206739.25 556242.62 15.45
206739.25 556152.62 15.23
206739.25 556062.62 14.73
206739.25 555972.62 14.79
206739.25 555882.62 14.78
206739.25 555792.62 14.58
206739.25 555702.62 14.31
206739.25 555612.62 14.38
206739.25 555522.62 14.55
206739.25 555432.62 14.17
206739.25 555342.62 14.03
206739.25 555252.62 14.17
206739.25 555162.62 13.59
206739.25 555072.62 13.47
206739.25 554982.62 14.87
206739.25 554892.62 13.84
206739.25 554802.62 13.69
206739.25 554712.62 13.72
206739.25 554622.62 13.56
206739.25 554532.62 13.15
206739.25 554442.62 13.27
206739.25 554352.62 13.49
206739.25 554262.62 13.42
206739.25 554172.62 13.33
206739.25 554082.62 13.34
206739.25 553992.62 13.73
206739.25 553902.62 13.43
206739.25 553812.62 14.24
206739.25 553722.62 13.66
206739.25 553632.62 12.68
206739.25 553542.62 8.43
206739.25 553452.62 9.05
206739.25 553362.62 10.48
206739.25 553272.62 11.19
206739.25 553182.62 11.65
206739.25 553092.62 11.67
206739.25 553002.62 11.81
206739.25 552912.62 12.41
206739.25 552822.62 14.26
206739.25 552732.62 14.82
206739.25 552642.62 15.68
206739.25 552552.62 15.83
206739.25 552462.62 14.51
206739.25 552372.62 12.16
206739.25 552282.62 11.33
206739.25 552192.62 9.61
206739.25 552102.62 8.81
206739.25 552012.62 10.46
206739.25 551922.62 14.40
206739.25 551832.62 14.74
206739.25 551742.62 15.11
206739.25 551652.62 15.43
206739.25 551562.62 15.12
206739.25 551472.62 15.37
206739.25 551382.62 15.95
206739.25 551292.62 16.63
206739.25 551202.62 16.50
206739.25 551112.62 16.09
206739.25 551022.62 16.14
206739.25 550932.62 15.69
206739.25 550842.62 16.33
206829.25 556062.62 15.28
206829.25 555972.62 15.22
206829.25 555882.62 15.18
206829.25 555792.62 14.75
206829.25 555702.62 14.43
206829.25 555612.62 14.32
206829.25 555522.62 14.50
206829.25 555432.62 14.38
206829.25 555342.62 14.28
206829.25 555252.62 14.56
206829.25 555162.62 14.23
206829.25 555072.62 13.47
206829.25 554982.62 14.19
206829.25 554892.62 13.70
206829.25 554802.62 13.61
206829.25 554712.62 14.21
206829.25 554622.62 14.09
206829.25 554532.62 13.80
206829.25 554442.62 14.00
206829.25 554352.62 13.56
206829.25 554262.62 13.20
206829.25 554172.62 13.20
206829.25 554082.62 13.17
206829.25 553992.62 13.50
206829.25 553902.62 13.35
206829.25 553812.62 13.18
206829.25 553722.62 13.14
206829.25 553632.62 13.03
206829.25 553542.62 11.51
206829.25 553452.62 10.56
206829.25 553362.62 9.96
206829.25 553272.62 9.31
206829.25 553182.62 8.82
206829.25 553092.62 8.21
206829.25 553002.62 8.33
206829.25 552912.62 8.33
206829.25 552822.62 8.80
206829.25 552732.62 9.11
206829.25 552642.62 9.67
206829.25 552552.62 9.69
206829.25 552462.62 8.93
206829.25 552372.62 8.29
206829.25 552282.62 8.34
206829.25 552192.62 9.69
206829.25 552102.62 15.14
206829.25 552012.62 14.62
206829.25 551922.62 15.57
206829.25 551832.62 15.60
206829.25 551742.62 15.53
206829.25 551652.62 15.41
206829.25 551562.62 15.05
206829.25 551472.62 15.49
206829.25 551382.62 17.02
206829.25 551292.62 18.18
206829.25 551202.62 18.11
206829.25 551112.62 19.60
206829.25 551022.62 16.28
206829.25 550932.62 15.98
206919.25 555522.62 14.91
206919.25 555432.62 14.68
206919.25 555342.62 14.99
206919.25 555252.62 15.17
206919.25 555162.62 16.17
206919.25 555072.62 14.38
206919.25 554982.62 14.00
206919.25 554892.62 13.30
206919.25 554802.62 13.75
206919.25 554712.62 14.37
206919.25 554622.62 13.99
206919.25 554532.62 13.62
206919.25 554442.62 13.65
206919.25 554352.62 13.09
206919.25 554262.62 13.14
206919.25 554172.62 13.17
206919.25 554082.62 13.08
206919.25 553992.62 13.22
206919.25 553902.62 13.60
206919.25 553812.62 13.23
206919.25 553722.62 12.88
206919.25 553632.62 13.15
206919.25 553542.62 14.52
206919.25 553452.62 13.56
206919.25 553362.62 15.14
206919.25 553272.62 15.99
206919.25 553182.62 15.48
206919.25 553092.62 12.69
206919.25 553002.62 11.54
206919.25 552912.62 12.17
206919.25 552822.62 10.95
206919.25 552732.62 10.64
206919.25 552642.62 10.48
206919.25 552552.62 10.43
206919.25 552462.62 10.38
206919.25 552372.62 11.07
206919.25 552282.62 13.62
206919.25 552192.62 15.01
206919.25 552102.62 15.81
206919.25 552012.62 15.71
206919.25 551922.62 15.70
206919.25 551832.62 15.71
206919.25 551742.62 15.60
206919.25 551652.62 15.42
206919.25 551562.62 15.32
206919.25 551472.62 15.48
206919.25 551382.62 19.92
206919.25 551292.62 21.11
206919.25 551202.62 21.39
207009.25 554982.62 14.00
207009.25 554892.62 13.44
207009.25 554802.62 13.44
207009.25 554712.62 13.50
207009.25 554622.62 13.02
207009.25 554532.62 12.95
207009.25 554442.62 12.93
207009.25 554352.62 12.74
207009.25 554262.62 12.65
207009.25 554172.62 12.66
207009.25 554082.62 12.66
207009.25 553992.62 12.80
207009.25 553902.62 12.85
207009.25 553812.62 12.75
207009.25 553722.62 12.68
207009.25 553632.62 12.98
207009.25 553542.62 13.15
207009.25 553452.62 13.05
207009.25 553362.62 11.65
207009.25 553272.62 12.69
207009.25 553182.62 15.96
207009.25 553092.62 18.41
207009.25 553002.62 17.48
207009.25 552912.62 16.11
207009.25 552822.62 14.78
207009.25 552732.62 14.38
207009.25 552642.62 14.15
207009.25 552552.62 14.36
207009.25 552462.62 14.55
207009.25 552372.62 14.57
207009.25 552282.62 15.49
207009.25 552192.62 15.94
207009.25 552102.62 16.19
207009.25 552012.62 16.10
207009.25 551922.62 15.90
207009.25 551832.62 15.92
207009.25 551742.62 15.75
207009.25 551652.62 15.74
207009.25 551562.62 15.66
207009.25 551472.62 15.71
207009.25 551382.62 21.13
207099.25 554442.62 13.71
207099.25 554352.62 13.51
207099.25 554262.62 13.30
207099.25 554172.62 13.07
207099.25 554082.62 13.59
207099.25 553992.62 14.16
207099.25 553902.62 14.04
207099.25 553812.62 13.80
207099.25 553722.62 13.73
207099.25 553632.62 13.59
207099.25 553542.62 14.09
207099.25 553452.62 14.19
207099.25 553362.62 13.81
207099.25 553272.62 10.24
207099.25 553182.62 18.11
207099.25 553092.62 16.98
207099.25 553002.62 16.25
207099.25 552912.62 16.57
207099.25 552822.62 16.29
207099.25 552732.62 16.47
207099.25 552642.62 16.45
207099.25 552552.62 16.08
207099.25 552462.62 15.98
207099.25 552372.62 15.96
207099.25 552282.62 16.42
207099.25 552192.62 16.58
207099.25 552102.62 17.28
207099.25 552012.62 17.35
207099.25 551922.62 17.37
207099.25 551832.62 17.29
207099.25 551742.62 16.36
207099.25 551652.62 16.35
207189.25 553812.62 14.71
207189.25 553722.62 15.39
207189.25 553632.62 15.59
207189.25 553542.62 15.25
207189.25 553452.62 21.01
207189.25 553362.62 14.89
207189.25 553272.62 16.80
207189.25 553182.62 17.29
207189.25 553092.62 15.97
207189.25 553002.62 16.44
207189.25 552912.62 17.53
207189.25 552822.62 17.31
207189.25 552732.62 17.60
207189.25 552642.62 17.86
207189.25 552552.62 16.71
207189.25 552462.62 17.05
207189.25 552372.62 17.47
207189.25 552282.62 17.67
207189.25 552192.62 17.90
207189.25 552102.62 18.62
207189.25 552012.62 18.93
207189.25 551922.62 18.81
207189.25 551832.62 18.53
207279.25 553272.62 18.09
207279.25 553182.62 16.47
207279.25 553092.62 16.74
207279.25 553002.62 17.85
207279.25 552912.62 18.94
207279.25 552822.62 18.41
207279.25 552732.62 19.39
207279.25 552642.62 18.83
207279.25 552552.62 18.41
207279.25 552462.62 18.62
207279.25 552372.62 19.36
207279.25 552282.62 19.40
207279.25 552192.62 19.26
207279.25 552102.62 19.85
207369.25 552732.62 25.37
207369.25 552642.62 24.45
207369.25 552552.62 25.96
207369.25 552462.62 26.74
207369.25 552372.62 23.90
